start	25	2007	1	24	6
	4804	48.749089	-10.812292	1.002106e+05	2.185402e+01	1.276830e+01	2007	1	24	6
	4808	51.749111	-11.281361	1.003406e+05	2.289525e+01	2.430018e+00	2007	1	25	6
	4690	51.748916	-12.490750	1.000673e+05	1.510807e+01	8.810929e+00	2007	1	25	12
	4574	54.748523	-15.496451	1.002714e+05	1.427416e+01	1.834236e-01	2007	1	26	6
	4574	54.748523	-15.496451	9.987450e+04	1.733877e+01	1.834236e-01	2007	1	26	12
	4572	54.748278	-16.768656	9.989537e+04	1.940689e+01	2.139470e-01	2007	1	26	18
	4572	54.748278	-16.768656	9.960260e+04	1.854008e+01	2.139470e-01	2007	1	27	0
	4454	54.748016	-18.048652	9.966973e+04	1.965879e+01	4.121703e-01	2007	1	27	6
	4454	54.748016	-18.048652	9.923845e+04	2.607720e+01	4.121703e-01	2007	1	27	12
	4451	53.247942	-17.730250	9.915870e+04	1.879656e+01	2.977130e+00	2007	1	27	18
	4451	53.247942	-17.730250	9.862078e+04	2.018478e+01	2.977130e+00	2007	1	28	0
	4449	53.247648	-18.998630	9.860865e+04	2.436795e+01	1.876459e+00	2007	1	28	6
	4448	51.747640	-18.647324	9.856395e+04	2.696651e+01	1.597613e+01	2007	1	28	18
	4448	51.747640	-18.647324	9.838451e+04	2.724523e+01	1.597613e+01	2007	1	29	0
	4330	51.747326	-19.905359	9.874692e+04	2.511862e+01	6.808135e+00	2007	1	29	6
	4327	50.247245	-19.519856	9.852605e+04	2.464578e+01	7.091177e+01	2007	1	29	12
	4327	50.247245	-19.519856	9.853539e+04	2.272249e+01	7.091177e+01	2007	1	29	18
	4206	48.746525	-21.585753	9.831488e+04	1.128046e+01	1.902966e+02	2007	1	30	12
	4206	48.746525	-21.585753	9.849412e+04	1.066514e+01	1.902966e+02	2007	1	30	18
	4204	48.746135	-22.837355	9.855259e+04	3.075375e+01	1.174466e+02	2007	1	31	0
	4086	48.745724	-24.102933	9.850163e+04	1.465584e+01	7.591035e+01	2007	1	31	12
	4085	50.245291	-25.881894	9.778811e+04	2.628490e+01	8.804612e-01	2007	2	1	0
	3967	50.244837	-27.194576	9.758484e+04	2.631833e+01	2.167578e-01	2007	2	1	6
	3970	51.745038	-27.691166	9.729615e+04	1.902139e+01	1.081020e-02	2007	2	1	12
	3854	54.744432	-31.378731	9.733283e+04	2.381815e+01	6.423211e-06	2007	2	2	0
start	10	2007	2	17	12
	9380	150.749637	8.527469	9.970357e+04	2.246422e+01	1.027342e-02	2007	2	17	12
	9263	152.249741	7.312815	9.944892e+04	2.032413e+01	3.339767e-02	2007	2	18	0
	9263	152.249741	7.312815	9.904135e+04	2.320433e+01	3.339767e-02	2007	2	18	6
	9263	152.249741	7.312815	9.914559e+04	2.495789e+01	3.339767e-02	2007	2	18	12
	9263	152.249741	7.312815	9.868887e+04	2.803947e+01	3.339767e-02	2007	2	18	18
	9263	152.249741	7.312815	9.880604e+04	2.799119e+01	3.339767e-02	2007	2	19	0
	9263	152.249741	7.312815	9.903783e+04	2.353363e+01	3.339767e-02	2007	2	19	12
	9381	152.249641	8.647624	9.878105e+04	2.565404e+01	1.933045e-02	2007	2	19	18
	9381	152.249641	8.647624	9.905180e+04	2.568414e+01	1.933045e-02	2007	2	20	0
	9383	152.249524	9.984782	9.931118e+04	2.155756e+01	2.866302e-03	2007	2	20	12
start	11	2007	3	25	0
	9262	150.749738	7.210763	9.876738e+04	3.404168e+01	1.679345e-02	2007	3	25	0
	9377	149.249618	8.401474	9.862580e+04	3.150591e+01	3.232202e-03	2007	3	25	6
	9376	147.749614	8.269720	9.909023e+04	2.822141e+01	4.430571e-04	2007	3	25	12
	9375	146.249467	9.392471	9.898941e+04	2.376658e+01	4.076319e-04	2007	3	25	18
	9492	144.749313	10.471188	9.864588e+04	2.950625e+01	1.156057e-02	2007	3	26	6
	9490	141.749111	11.281361	9.867436e+04	2.748664e+01	5.774795e-03	2007	3	26	18
	9604	138.748888	11.974293	9.934496e+04	2.407825e+01	1.708685e-03	2007	3	27	12
	9720	135.748397	13.669561	9.908392e+04	2.567492e+01	2.580244e-06	2007	3	28	6
	6236	132.751603	13.999899	9.928270e+04	2.143230e+01	3.564636e-05	2007	3	29	6
	6233	131.251577	14.320097	9.924563e+04	1.346960e+01	5.453995e-04	2007	3	29	18
	6234	129.751838	15.838333	9.944190e+04	1.801233e+01	1.527256e-03	2007	3	30	6
start	10	2007	3	30	12
	8467	185.250119	-12.698306	1.001268e+05	1.728183e+01	4.178790e-01	2007	3	30	12
	8466	183.750107	-12.723620	9.996364e+04	1.191544e+01	4.032882e-02	2007	3	30	18
	8464	183.750133	-14.220758	9.968866e+04	2.135985e+01	1.494268e-01	2007	3	31	0
	8464	183.750133	-14.220758	9.949178e+04	2.365344e+01	1.494268e-01	2007	3	31	6
	8461	182.250055	-14.239473	9.938743e+04	2.169497e+01	2.659622e-01	2007	3	31	12
	8343	182.250066	-15.738474	9.905756e+04	1.957784e+01	6.660542e-01	2007	3	31	18
	8343	182.250066	-15.738474	9.888227e+04	2.760410e+01	6.660542e-01	2007	4	1	0
	8341	182.250079	-17.237504	9.886530e+04	2.388614e+01	1.090589e+00	2007	4	1	6
	8222	180.750067	-18.748511	9.906991e+04	1.870390e+01	4.029052e+00	2007	4	1	12
	8222	180.750067	-18.748511	9.885126e+04	1.706921e+01	4.029052e+00	2007	4	1	18
start	20	2007	4	5	12
	9372	144.749596	7.989248	9.985834e+04	2.154881e+01	8.528974e-05	2007	4	5	12
	9369	143.249583	7.840701	9.943202e+04	2.325353e+01	3.755992e-05	2007	4	5	18
	9369	143.249583	7.840701	9.956820e+04	3.060722e+01	3.755992e-05	2007	4	6	0
	9370	141.749444	8.879981	9.928993e+04	3.163579e+01	1.006548e-03	2007	4	6	6
	9480	135.749261	9.208882	9.949297e+04	1.946247e+01	3.205726e-02	2007	4	7	0
	5879	134.250576	8.110866	9.949834e+04	2.647753e+01	1.540904e-01	2007	4	7	12
	5996	132.750739	9.436309	9.942478e+04	2.678278e+01	1.729599e-02	2007	4	8	0
	5993	131.250729	9.657091	9.900631e+04	2.401852e+01	5.362422e-02	2007	4	8	6
	5994	129.750909	11.050708	9.904834e+04	2.206010e+01	1.283644e-01	2007	4	8	12
	5991	128.250889	11.281361	9.849843e+04	2.327846e+01	7.491345e-01	2007	4	8	18
	5991	128.250889	11.281361	9.875810e+04	2.385624e+01	7.491345e-01	2007	4	9	0
	5990	126.750885	11.504116	9.877818e+04	1.699905e+01	1.333020e+01	2007	4	9	6
	5990	126.750885	11.504116	9.925571e+04	1.177950e+01	1.333020e+01	2007	4	9	12
	5986	123.750852	11.925462	9.934804e+04	1.530503e+01	4.295282e+01	2007	4	10	0
	6104	123.751039	13.199305	9.896934e+04	2.847908e+01	3.856871e+01	2007	4	10	6
	5983	122.250816	12.123828	9.882396e+04	2.502913e+01	4.750874e+01	2007	4	10	12
	6101	122.250995	13.417373	9.877462e+04	1.655496e+01	5.861496e+01	2007	4	10	18
	6101	122.250995	13.417373	9.923133e+04	2.221750e+01	5.861496e+01	2007	4	11	0
	6102	120.751181	14.943105	9.969791e+04	1.689379e+01	1.325987e+02	2007	4	11	12
	6099	119.251118	15.160150	9.970706e+04	1.577460e+01	4.176108e+01	2007	4	11	18
start	11	2007	8	18	12
	9985	155.247939	22.718691	9.828113e+04	2.657169e+01	1.424420e-05	2007	8	18	12
	9985	155.247939	22.718691	9.773630e+04	2.143959e+01	1.424420e-05	2007	8	18	18
	9987	155.247691	24.126628	9.729763e+04	2.588486e+01	2.462229e-05	2007	8	19	0
	10106	153.747123	26.670960	9.664266e+04	2.479375e+01	3.625819e-06	2007	8	19	12
	10221	152.246583	27.769444	9.632779e+04	2.362017e+01	1.600609e-07	2007	8	19	18
	10222	150.746223	28.835214	9.662584e+04	1.947201e+01	5.919626e-07	2007	8	20	0
	10222	150.746223	28.835214	9.631630e+04	2.177716e+01	5.919626e-07	2007	8	20	6
	10219	149.245962	28.470979	9.652829e+04	2.282557e+01	1.191305e-05	2007	8	20	12
	10337	149.245592	29.868565	9.649971e+04	1.749134e+01	4.169063e-06	2007	8	20	18
	10455	146.244003	33.246793	9.713997e+04	1.798803e+01	4.646269e-04	2007	8	21	18
	10574	144.743049	35.612364	9.788780e+04	1.894603e+01	1.285491e-01	2007	8	22	12
start	10	2007	11	23	12
	8209	173.249557	-20.121045	9.857680e+04	2.389408e+01	5.362653e-02	2007	11	23	12
	8094	174.749666	-21.667306	9.808006e+04	2.536947e+01	3.651549e-03	2007	11	23	18
	8092	174.749621	-23.162847	9.795981e+04	2.599289e+01	6.757039e-04	2007	11	24	0
	8092	174.749621	-23.162847	9.774161e+04	2.195868e+01	6.757039e-04	2007	11	24	6
	7972	174.749524	-26.154660	9.755148e+04	2.109860e+01	2.688193e-05	2007	11	24	18
	7851	173.249198	-27.586239	9.709270e+04	2.654543e+01	2.158461e-04	2007	11	25	0
	7848	171.749057	-28.996799	9.687432e+04	3.254784e+01	2.944219e-03	2007	11	25	6
	7845	170.248759	-28.896241	9.707430e+04	2.795569e+01	9.235171e-03	2007	11	25	12
	7845	170.248759	-28.896241	9.740199e+04	2.184459e+01	9.235171e-03	2007	11	25	18
	7726	168.748578	-30.264194	9.828525e+04	2.010830e+01	1.004740e-02	2007	11	26	12
start	20	2007	12	29	12
	4700	60.748882	-15.160150	9.886504e+04	2.394839e+01	3.765046e-04	2007	12	29	12
	4579	59.248607	-16.265463	9.890051e+04	1.947356e+01	8.434757e-03	2007	12	30	0
	4458	57.748118	-18.647312	9.867551e+04	1.893341e+01	1.766829e+00	2007	12	30	12
	4455	56.248027	-18.354361	9.877866e+04	1.999476e+01	1.333795e+00	2007	12	30	18
	4453	56.247748	-19.660612	9.832080e+04	2.573690e+01	9.890484e+00	2007	12	31	0
	4334	54.747437	-20.633102	9.829258e+04	2.527350e+01	1.376795e+01	2007	12	31	6
	4334	54.747437	-20.633102	9.818379e+04	2.199950e+01	1.376795e+01	2007	12	31	12
	4329	53.247001	-21.563729	9.844968e+04	2.392893e+01	1.939872e+00	2007	12	31	18
	4211	53.246649	-22.861609	9.833888e+04	2.962559e+01	6.825385e-01	2008	1	1	0
	4211	53.246649	-22.861609	9.849700e+04	2.522260e+01	6.825385e-01	2008	1	1	6
	4209	53.246277	-24.170099	9.843988e+04	2.697655e+01	1.520779e-01	2008	1	1	18
	4091	53.245886	-25.490341	9.820393e+04	2.464191e+01	2.541309e-02	2008	1	2	0
	4092	54.745682	-27.263458	9.795826e+04	3.069686e+01	4.486694e-03	2008	1	2	6
	4093	56.245700	-27.685185	9.780936e+04	2.579696e+01	2.939711e-03	2008	1	2	12
	3859	59.244811	-32.692784	9.701219e+04	2.541290e+01	0.000000e+00	2008	1	3	12
	3862	60.745168	-33.087510	9.716282e+04	1.864379e+01	0.000000e+00	2008	1	3	18
	3861	62.244838	-34.904217	9.735734e+04	2.293695e+01	0.000000e+00	2008	1	4	6
	3743	62.244458	-36.356403	9.755346e+04	1.593232e+01	0.000000e+00	2008	1	4	12
	3746	63.744912	-36.721860	9.783494e+04	1.447440e+01	0.000000e+00	2008	1	4	18
	3745	65.244622	-38.536027	9.792903e+04	1.760257e+01	0.000000e+00	2008	1	5	0
start	18	2008	1	22	12
	4821	62.249241	-12.668450	9.908302e+04	2.496726e+01	8.061378e-07	2008	1	22	12
	4821	62.249241	-12.668450	9.910884e+04	2.318012e+01	8.061378e-07	2008	1	22	18
	4703	62.249076	-14.015714	9.854934e+04	2.641669e+01	1.512399e-05	2008	1	23	0
	4703	62.249076	-14.015714	9.807283e+04	2.960926e+01	1.512399e-05	2008	1	23	6
	4702	60.749066	-13.825675	9.823752e+04	2.432751e+01	5.007305e-05	2008	1	23	12
	4702	60.749066	-13.825675	9.825908e+04	2.453248e+01	5.007305e-05	2008	1	23	18
	4700	60.748882	-15.160150	9.812998e+04	2.600587e+01	3.765046e-04	2008	1	24	0
	4697	59.248819	-14.943105	9.831857e+04	2.314665e+01	7.198615e-04	2008	1	24	6
	4578	57.748596	-16.020142	9.818102e+04	2.478456e+01	1.559467e-02	2008	1	24	18
	4578	57.748596	-16.020142	9.739197e+04	2.924305e+01	1.559467e-02	2008	1	25	0
	4578	57.748596	-16.020142	9.742309e+04	2.399985e+01	1.559467e-02	2008	1	25	6
	4575	56.248531	-15.763763	9.723020e+04	3.001962e+01	2.380230e-02	2008	1	25	12
	4572	54.748278	-16.768656	9.646806e+04	3.295954e+01	2.139470e-01	2008	1	26	0
	4572	54.748278	-16.768656	9.716430e+04	3.526656e+01	2.139470e-01	2008	1	26	6
	4451	53.247942	-17.730250	9.705311e+04	3.072721e+01	2.977130e+00	2008	1	26	12
	4451	53.247942	-17.730250	9.687143e+04	3.389780e+01	2.977130e+00	2008	1	26	18
	4330	51.747326	-19.905359	9.728131e+04	3.094738e+01	6.808135e+00	2008	1	27	6
	4328	51.746993	-21.173393	9.705776e+04	3.084913e+01	2.713773e+00	2008	1	27	12
start	20	2008	5	15	6
	13114	249.749426	13.402715	9.978269e+04	1.894054e+01	1.311191e-04	2008	5	15	6
	13114	249.749426	13.402715	9.933549e+04	2.044125e+01	1.311191e-04	2008	5	15	12
	13111	248.249366	13.273560	9.922589e+04	2.329089e+01	2.767412e-05	2008	5	15	18
	13111	248.249366	13.273560	9.849700e+04	2.631782e+01	2.767412e-05	2008	5	16	0
	13229	248.249228	14.679850	9.867605e+04	2.770704e+01	1.086260e-04	2008	5	16	6
	13228	246.749215	14.528376	9.806651e+04	3.198945e+01	1.792251e-05	2008	5	16	12
	13228	246.749215	14.528376	9.794259e+04	3.420584e+01	1.792251e-05	2008	5	16	18
	13225	245.249148	14.367144	9.781948e+04	2.769102e+01	7.810068e-06	2008	5	17	0
	13225	245.249148	14.367144	9.797734e+04	2.752194e+01	7.810068e-06	2008	5	17	6
	13227	245.248981	15.748916	9.784484e+04	2.840025e+01	6.250286e-05	2008	5	17	12
	13226	243.748967	15.563139	9.780207e+04	3.041728e+01	1.486522e-05	2008	5	17	18
	13226	243.748967	15.563139	9.791991e+04	2.888830e+01	1.486522e-05	2008	5	18	0
	13226	243.748967	15.563139	9.847388e+04	2.960957e+01	1.486522e-05	2008	5	18	6
	13341	242.248697	16.722598	9.800409e+04	2.472576e+01	4.507934e-06	2008	5	18	12
	13341	242.248697	16.722598	9.816441e+04	2.454655e+01	4.507934e-06	2008	5	18	18
	13342	240.748468	17.844181	9.839810e+04	2.407196e+01	1.883211e-06	2008	5	19	0
	13342	240.748468	17.844181	9.855771e+04	2.097095e+01	1.883211e-06	2008	5	19	6
	13342	240.748468	17.844181	9.866397e+04	2.652083e+01	1.883211e-06	2008	5	19	12
	13457	239.248133	18.927383	9.911773e+04	2.068846e+01	2.146181e-06	2008	5	19	18
	13458	237.747854	19.971108	9.983635e+04	1.694392e+01	1.563365e-06	2008	5	20	18
start	14	2008	8	5	18
	6355	131.252432	17.904581	9.901803e+04	1.397560e+01	6.987199e-05	2008	8	5	18
	6354	129.752428	18.282591	9.905235e+04	1.875741e+01	4.616557e-04	2008	8	6	0
	6350	126.752352	18.998630	9.826550e+04	2.663122e+01	3.383759e-02	2008	8	6	18
	6468	126.752665	20.276457	9.822395e+04	2.092715e+01	3.811950e-02	2008	8	7	6
	6468	126.752665	20.276457	9.844773e+04	2.101827e+01	3.811950e-02	2008	8	7	12
	6465	125.252563	20.633102	9.827026e+04	2.038443e+01	6.086860e-01	2008	8	7	18
	6465	125.252563	20.633102	9.831395e+04	2.070950e+01	6.086860e-01	2008	8	8	0
	6467	125.252879	21.938646	9.800923e+04	2.220432e+01	3.086564e+00	2008	8	8	6
	6584	123.753197	23.630177	9.781458e+04	2.761192e+01	3.397293e+01	2008	8	8	18
	6583	122.253364	25.346261	9.794941e+04	1.929638e+01	6.555914e+01	2008	8	9	0
	6582	120.753341	25.703465	9.776306e+04	1.590455e+01	1.642363e+02	2008	8	9	6
	6577	119.252831	24.659382	9.806684e+04	1.586814e+01	1.993048e+02	2008	8	9	12
	6575	116.252877	26.670960	9.850943e+04	5.095332e+00	3.526863e+02	2008	8	10	0
	6574	114.752841	26.958808	9.867026e+04	3.653987e+00	2.771453e+02	2008	8	10	6
start	17	2008	10	1	6
	13384	273.750225	18.712690	9.982741e+04	2.152640e+01	1.168617e+01	2008	10	1	6
	13382	270.750077	20.248411	9.953430e+04	6.088339e+00	4.179960e+01	2008	10	2	0
	13500	270.750088	21.748316	9.955031e+04	2.130015e+01	7.675354e+00	2008	10	2	6
	13500	270.750088	21.748316	9.942859e+04	2.049413e+01	7.675354e+00	2008	10	2	12
	13497	269.249912	21.748316	9.939262e+04	2.426309e+01	3.566675e+00	2008	10	2	18
	13497	269.249912	21.748316	9.926102e+04	2.167248e+01	3.566675e+00	2008	10	3	0
	13497	269.249912	21.748316	9.938725e+04	2.291773e+01	3.566675e+00	2008	10	3	6
	13500	270.750088	21.748316	9.920820e+04	2.358087e+01	7.675354e+00	2008	10	3	12
	13500	270.750088	21.748316	9.925891e+04	1.895741e+01	7.675354e+00	2008	10	3	18
	13500	270.750088	21.748316	9.914220e+04	2.279377e+01	7.675354e+00	2008	10	4	0
	13497	269.249912	21.748316	9.914757e+04	2.516548e+01	3.566675e+00	2008	10	4	6
	13502	270.750100	23.248225	9.889746e+04	1.704442e+01	4.075076e-01	2008	10	4	12
	13502	270.750100	23.248225	9.895304e+04	1.869925e+01	4.075076e-01	2008	10	4	18
	13622	270.750126	26.248059	9.825044e+04	2.440536e+01	3.460252e-02	2008	10	5	6
	13863	272.250256	32.230082	9.830812e+04	1.404218e+01	8.898515e+01	2008	10	6	0
	13984	273.750673	33.693338	9.852445e+04	1.392904e+01	2.102927e+02	2008	10	6	6
	13986	273.750726	35.192182	9.871443e+04	8.535526e+00	2.764272e+02	2008	10	6	12
start	14	2008	10	3	0
	6359	134.252478	17.109202	9.886278e+04	2.425447e+01	5.797798e-09	2008	10	3	0
	6479	134.253173	19.459211	9.751412e+04	2.902107e+01	2.236401e-06	2008	10	3	18
	6595	131.253865	22.837355	9.720796e+04	2.931134e+01	2.608537e-03	2008	10	4	18
	6594	129.753863	23.298957	9.709766e+04	2.949685e+01	1.385001e-02	2008	10	5	0
	6712	129.754275	24.583801	9.645013e+04	3.053250e+01	1.076248e-01	2008	10	5	6
	6714	129.754709	25.881894	9.594751e+04	3.151044e+01	5.858366e-01	2008	10	5	12
	6832	129.755163	27.194576	9.583073e+04	3.639165e+01	1.345063e+00	2008	10	5	18
	6834	129.755639	28.521847	9.627177e+04	3.021626e+01	2.307819e+00	2008	10	6	0
	6955	131.256645	30.659430	9.628516e+04	2.372438e+01	3.849285e+01	2008	10	6	6
	7078	132.758066	32.785102	9.675741e+04	9.090634e+00	1.075263e+02	2008	10	6	12
	7199	134.259284	34.911439	9.682931e+04	1.663603e+01	1.559069e+02	2008	10	6	18
	21470	139.584504	40.957352	9.692673e+04	1.895424e+01	6.500125e+01	2008	10	7	6
	21463	144.264034	42.782176	9.689356e+04	1.855497e+01	9.779142e+01	2008	10	7	12
	21459	147.435351	43.857116	9.607802e+04	2.119106e+01	1.259498e+01	2008	10	7	18
start	18	2008	10	26	6
	6109	128.251084	12.490750	9.957984e+04	1.631545e+01	3.203179e-01	2008	10	26	6
	6108	126.751080	12.735878	9.931189e+04	2.298653e+01	5.953239e+00	2008	10	26	18
	6108	126.751080	12.735878	9.953609e+04	2.026524e+01	5.953239e+00	2008	10	27	0
	6110	126.751295	13.973543	9.937245e+04	1.470223e+01	1.582169e+00	2008	10	27	6
	6110	126.751295	13.973543	9.937493e+04	1.511242e+01	1.582169e+00	2008	10	27	18
	6110	126.751295	13.973543	9.936016e+04	1.649966e+01	1.582169e+00	2008	10	28	0
	6110	126.751295	13.973543	9.888654e+04	1.700837e+01	1.582169e+00	2008	10	28	6
	6107	125.251252	14.230934	9.862734e+04	1.998224e+01	7.490939e+00	2008	10	28	12
	6107	125.251252	14.230934	9.804989e+04	2.240226e+01	7.490939e+00	2008	10	28	18
	6224	123.751469	15.763763	9.787696e+04	2.747915e+01	2.647575e+01	2008	10	29	6
	6224	123.751469	15.763763	9.762717e+04	3.431505e+01	2.647575e+01	2008	10	29	12
	6221	122.251404	16.020142	9.741922e+04	1.577118e+01	1.261669e+02	2008	10	29	18
	6220	120.751393	16.265463	9.763728e+04	2.355166e+01	2.492426e+02	2008	10	30	0
	6217	119.251317	16.499652	9.725155e+04	3.094056e+01	7.447741e+01	2008	10	30	6
	6216	117.751303	16.722598	9.749605e+04	3.033509e+01	3.445784e+00	2008	10	30	12
	6215	116.251414	18.309540	9.754531e+04	2.915643e+01	3.155018e-01	2008	10	30	18
	6214	114.751395	18.523842	9.770897e+04	2.423542e+01	1.776500e-01	2008	10	31	0
	6328	111.751449	20.333745	9.860584e+04	2.526296e+01	1.986601e+01	2008	10	31	12
start	13	2008	12	4	0
	4824	63.749290	-12.832862	9.980090e+04	2.087859e+01	3.986518e-09	2008	12	4	0
	4706	63.749136	-14.196235	9.982112e+04	2.163745e+01	9.904174e-06	2008	12	4	6
	4701	62.248894	-15.366851	9.954070e+04	2.123312e+01	1.410880e-04	2008	12	5	6
	4582	60.748683	-16.499652	9.924266e+04	2.168245e+01	5.721856e-03	2008	12	5	12
	4577	59.248378	-17.593268	9.904086e+04	2.196992e+01	1.103286e-01	2008	12	6	0
	4458	57.748118	-18.647312	9.883305e+04	1.966892e+01	1.766829e+00	2008	12	6	12
	4456	57.747854	-19.971108	9.868124e+04	2.962056e+01	6.609680e+00	2008	12	6	18
	4456	57.747854	-19.971108	9.863649e+04	2.920207e+01	6.609680e+00	2008	12	7	0
	4338	57.747573	-21.302633	9.864714e+04	2.480357e+01	8.760837e+00	2008	12	7	6
	4337	59.247296	-22.970117	9.882640e+04	2.256886e+01	3.418525e-01	2008	12	7	18
	4337	59.247296	-22.970117	9.887275e+04	2.077880e+01	3.418525e-01	2008	12	8	0
	4337	59.247296	-22.970117	9.934029e+04	1.900380e+01	3.418525e-01	2008	12	8	6
	4337	59.247296	-22.970117	9.995915e+04	1.423924e+01	3.418525e-01	2008	12	8	18
start	12	2009	1	5	6
	714	39.753472	-22.027361	9.911349e+04	2.355238e+01	5.945882e-01	2009	1	5	6
	714	39.753472	-22.027361	9.894806e+04	2.447343e+01	5.945882e-01	2009	1	5	12
	712	39.753863	-23.298957	9.933512e+04	2.637301e+01	1.416239e+00	2009	1	6	6
	594	39.754275	-24.583801	9.954716e+04	2.227398e+01	1.036922e+00	2009	1	6	18
	594	39.754275	-24.583801	9.936985e+04	2.367096e+01	1.036922e+00	2009	1	7	0
	709	38.253733	-23.743242	9.964936e+04	1.877581e+01	5.659400e-01	2009	1	7	6
	709	38.253733	-23.743242	9.936778e+04	2.037686e+01	5.659400e-01	2009	1	7	12
	710	36.753351	-22.861609	9.897177e+04	2.291788e+01	1.324229e+01	2009	1	8	0
	825	35.252879	-21.938646	9.902196e+04	1.534181e+01	5.309655e+01	2009	1	8	6
	825	35.252879	-21.938646	9.901467e+04	1.414545e+01	5.309655e+01	2009	1	8	12
	824	33.752865	-22.298029	9.922502e+04	1.249684e+01	1.284153e+02	2009	1	8	18
	823	32.252427	-21.302633	9.959924e+04	1.395509e+01	4.137011e+02	2009	1	9	6
start	26	2009	2	1	12
	8472	189.750315	-14.052567	1.000413e+05	1.884964e+01	3.173148e+00	2009	2	1	12
	8469	188.250240	-14.108583	9.997262e+04	1.427877e+01	1.034409e+01	2009	2	1	18
	8347	185.250180	-15.687252	9.945710e+04	1.624417e+01	2.661801e-01	2009	2	2	12
	8346	183.750161	-15.717980	9.917295e+04	1.714802e+01	2.015907e-01	2009	2	3	0
	8343	182.250066	-15.738474	9.905950e+04	1.550902e+01	6.660542e-01	2009	2	3	6
	8343	182.250066	-15.738474	9.880866e+04	1.796058e+01	6.660542e-01	2009	2	3	12
	8342	180.750048	-15.748722	9.862927e+04	1.654015e+01	4.773138e+00	2009	2	3	18
	8342	180.750048	-15.748722	9.844638e+04	1.958314e+01	4.773138e+00	2009	2	4	0
	8339	179.249952	-15.748722	9.842308e+04	2.275028e+01	1.172784e+01	2009	2	4	6
	8338	177.749934	-15.738474	9.798012e+04	2.486789e+01	1.009062e+01	2009	2	5	0
	8338	177.749934	-15.738474	9.795327e+04	2.658301e+01	1.009062e+01	2009	2	5	6
	8338	177.749934	-15.738474	9.814870e+04	2.750870e+01	1.009062e+01	2009	2	5	12
	8338	177.749934	-15.738474	9.795173e+04	2.065438e+01	1.009062e+01	2009	2	5	18
	8337	179.249943	-17.248614	9.738775e+04	2.936690e+01	2.166508e+01	2009	2	6	6
	8219	179.249933	-18.748511	9.698277e+04	3.016496e+01	1.044615e+01	2009	2	6	12
	8216	177.749892	-20.235671	9.665755e+04	2.917596e+01	2.378201e+00	2009	2	6	18
	8098	177.749876	-21.734813	9.677762e+04	2.501001e+01	1.201948e-01	2009	2	7	0
	8095	176.249701	-21.707807	9.640885e+04	2.621799e+01	3.856383e-02	2009	2	7	6
	7974	174.749573	-24.658632	9.627483e+04	2.522765e+01	1.415285e-04	2009	2	7	18
	7972	174.749524	-26.154660	9.676213e+04	3.378033e+01	2.688193e-05	2009	2	8	0
	7851	173.249198	-27.586239	9.698405e+04	2.412511e+01	2.158461e-04	2009	2	8	6
	7849	173.249116	-29.080539	9.732277e+04	2.266212e+01	1.899724e-03	2009	2	8	12
	7732	174.749307	-32.141485	9.745052e+04	2.381767e+01	3.587055e-01	2009	2	9	0
	7615	176.249327	-33.693338	9.764005e+04	1.826978e+01	9.444124e-01	2009	2	9	6
	7498	177.749678	-36.728839	9.784244e+04	1.766663e+01	4.592220e+01	2009	2	9	12
	7381	182.250391	-41.228116	9.781745e+04	1.877466e+01	5.556343e-02	2009	2	10	0
start	11	2009	2	21	6
	8212	174.749708	-20.171983	9.944058e+04	1.571225e+01	2.949715e-02	2009	2	21	6
	8209	173.249557	-20.121045	9.951430e+04	1.853893e+01	5.362653e-02	2009	2	21	12
	8208	171.749527	-20.057396	9.929652e+04	1.989895e+01	4.371494e-01	2009	2	22	0
	8205	170.249379	-19.981037	9.914605e+04	2.292801e+01	1.709470e+00	2009	2	22	6
	8086	168.749255	-21.370434	9.921720e+04	1.530937e+01	8.076464e+00	2009	2	22	12
	8083	167.249090	-21.262544	9.898374e+04	1.575101e+01	2.484060e+01	2009	2	22	18
	8076	162.748717	-22.309550	9.921009e+04	2.096451e+01	3.606277e+00	2009	2	23	12
	8076	162.748717	-22.309550	9.935453e+04	2.059113e+01	3.606277e+00	2009	2	23	18
	7952	159.748127	-24.829413	9.940538e+04	2.468593e+01	4.522474e-03	2009	2	24	6
	7949	158.247919	-24.610825	9.958795e+04	2.087737e+01	6.451959e-03	2009	2	24	12
	7830	156.747649	-25.800591	9.952771e+04	2.037143e+01	2.251012e-01	2009	2	24	18
start	15	2009	11	10	18
	9738	147.748365	17.330323	9.793581e+04	3.409227e+01	4.538668e-02	2009	11	10	18
	9738	147.748365	17.330323	9.790894e+04	3.585273e+01	4.538668e-02	2009	11	11	0
	9856	147.748118	18.647312	9.794403e+04	3.198993e+01	4.155698e-02	2009	11	11	6
	9855	146.247748	19.660612	9.841370e+04	3.147199e+01	7.261276e-02	2009	11	11	12
	9855	146.247748	19.660612	9.802982e+04	2.886467e+01	7.261276e-02	2009	11	11	18
	9973	146.247451	20.975168	9.776180e+04	3.285873e+01	2.275073e-02	2009	11	12	0
	9973	146.247451	20.975168	9.779303e+04	2.007921e+01	2.275073e-02	2009	11	12	6
	9975	146.247135	22.298029	9.762435e+04	3.085360e+01	3.266495e-03	2009	11	12	12
	10093	146.246803	23.630177	9.740121e+04	3.474790e+01	3.022267e-04	2009	11	12	18
	10095	146.246452	24.971611	9.767753e+04	2.325290e+01	1.340271e-04	2009	11	13	0
	10216	147.746293	26.712242	9.751824e+04	3.488310e+01	4.580199e-05	2009	11	13	6
	10218	147.745936	28.087704	9.749770e+04	3.002061e+01	9.773477e-05	2009	11	13	12
	10339	149.245208	31.275610	9.684297e+04	2.660321e+01	1.849144e-06	2009	11	13	18
	10463	152.244838	34.904217	9.671072e+04	3.451974e+01	7.656098e-09	2009	11	14	0
	10586	153.744563	38.188077	9.628462e+04	3.249010e+01	8.464314e-06	2009	11	14	6
start	11	2009	11	16	12
	9368	141.749581	7.686737	1.001444e+05	2.163748e+01	2.005376e-04	2009	11	16	12
	9365	140.249573	7.527448	9.966562e+04	1.922622e+01	1.260941e-03	2009	11	16	18
	9366	138.749431	8.507306	9.957903e+04	2.675871e+01	1.389586e-02	2009	11	17	0
	5999	134.250923	10.312703	9.905919e+04	2.165473e+01	4.272048e-03	2009	11	17	12
	5998	132.750923	10.566242	9.874260e+04	2.172046e+01	2.380620e-03	2009	11	17	18
	6113	131.251112	11.974293	9.893091e+04	2.874316e+01	3.533716e-03	2009	11	18	0
	6112	129.751110	12.236841	9.868046e+04	3.432552e+01	4.506607e-02	2009	11	18	6
	6228	126.751530	15.218297	9.799976e+04	3.453214e+01	4.241309e-01	2009	11	19	0
	6230	126.751784	16.470138	9.738197e+04	3.375351e+01	2.381697e-01	2009	11	19	6
	6345	125.251984	18.048652	9.737938e+04	2.861502e+01	1.821448e+00	2009	11	19	12
	6468	126.752665	20.276457	9.735624e+04	3.812577e+01	3.811950e-02	2009	11	19	18
start	17	2010	2	7	18
	9034	159.749982	2.111161	1.000790e+05	1.301129e+01	9.126923e-04	2010	2	7	18
	9034	159.749982	2.111161	1.001741e+05	1.658259e+01	9.126923e-04	2010	2	8	0
	9034	159.749982	2.111161	9.996523e+04	1.597585e+01	9.126923e-04	2010	2	8	6
	9034	159.749982	2.111161	1.002839e+05	1.362825e+01	9.126923e-04	2010	2	8	12
	9152	159.749956	3.519063	1.001058e+05	2.185621e+01	4.019924e-03	2010	2	8	18
	9152	159.749956	3.519063	1.002480e+05	2.227780e+01	4.019924e-03	2010	2	9	0
	9149	158.249952	3.483996	1.000884e+05	2.288272e+01	1.019697e-02	2010	2	9	6
	9145	155.249947	3.406735	1.003271e+05	1.684133e+01	2.626513e-03	2010	2	10	0
	9144	153.749946	3.364593	1.000265e+05	2.659323e+01	4.910278e-04	2010	2	11	0
	9141	152.249943	3.320148	9.978793e+04	2.434164e+01	8.881515e-04	2010	2	11	6
	9140	150.749942	3.273428	9.986764e+04	1.826649e+01	1.397692e-03	2010	2	11	18
	9139	149.249885	4.515726	9.958170e+04	2.243114e+01	8.620322e-04	2010	2	12	6
	9256	147.749812	5.717064	9.982291e+04	2.545461e+01	2.859629e-04	2010	2	13	0
	9256	147.749812	5.717064	9.944608e+04	2.588786e+01	2.859629e-04	2010	2	13	6
	9256	147.749812	5.717064	9.985144e+04	2.378819e+01	2.859629e-04	2010	2	13	12
	9256	147.749812	5.717064	9.976862e+04	2.068648e+01	2.859629e-04	2010	2	13	18
	9256	147.749812	5.717064	1.000787e+05	2.073849e+01	2.859629e-04	2010	2	14	0
start	14	2010	10	1	18
	9617	149.249013	13.626193	9.994084e+04	1.556313e+01	4.803491e-03	2010	10	1	18
	9619	149.248819	14.943105	9.988161e+04	1.688966e+01	8.047999e-03	2010	10	2	0
	9856	147.748118	18.647312	9.962978e+04	2.719637e+01	4.155698e-02	2010	10	2	12
	9972	144.747437	20.633102	9.954136e+04	1.746190e+01	1.892920e-02	2010	10	3	0
	9971	143.247001	21.563729	9.929409e+04	1.803493e+01	1.276713e-03	2010	10	3	6
	10204	138.745724	24.102933	9.933550e+04	1.582818e+01	1.656471e-03	2010	10	4	6
	10320	135.744687	25.581261	9.924375e+04	1.821435e+01	1.182980e-03	2010	10	4	18
	6838	132.755826	27.432111	9.922719e+04	1.476652e+01	2.827713e-01	2010	10	5	6
	6956	132.756350	28.742396	9.940591e+04	2.531764e+01	1.231210e+00	2010	10	5	12
	6953	131.256130	29.315226	9.898452e+04	1.979982e+01	6.105037e+00	2010	10	5	18
	6953	131.256130	29.315226	9.899534e+04	2.126459e+01	6.105037e+00	2010	10	6	0
	6953	131.256130	29.315226	9.883798e+04	1.975715e+01	6.105037e+00	2010	10	6	6
	6953	131.256130	29.315226	9.916391e+04	1.794516e+01	6.105037e+00	2010	10	6	12
	6834	129.755639	28.521847	9.926183e+04	1.663588e+01	2.307819e+00	2010	10	6	18
start	11	2011	2	15	6
	4850	81.749807	-12.622435	9.949795e+04	1.729729e+01	1.356130e-14	2011	2	15	6
	4850	81.749807	-12.622435	9.916212e+04	2.085945e+01	1.356130e-14	2011	2	15	12
	4845	80.249685	-14.052567	9.855056e+04	2.399709e+01	9.237844e-12	2011	2	16	0
	4727	80.249618	-15.533777	9.870605e+04	2.106799e+01	3.586505e-14	2011	2	16	6
	4726	78.749600	-15.462259	9.841678e+04	2.219993e+01	1.316809e-13	2011	2	16	12
	4724	78.749523	-16.937972	9.839820e+04	2.691485e+01	0.000000e+00	2011	2	16	18
	4721	77.249418	-16.849388	9.833767e+04	2.714702e+01	1.358248e-14	2011	2	17	0
	4602	75.749292	-18.212195	9.847178e+04	2.371707e+01	0.000000e+00	2011	2	17	6
	4597	74.249041	-19.548940	9.883747e+04	2.258644e+01	0.000000e+00	2011	2	17	18
	4350	66.748110	-22.957421	9.945788e+04	1.652939e+01	1.401766e-03	2011	2	18	18
	4344	63.747661	-23.861019	9.976669e+04	1.802099e+01	1.587224e-03	2011	2	19	12
start	10	2011	2	23	6
	591	38.254124	-25.046302	9.838848e+04	2.441662e+01	1.790966e-01	2011	2	23	6
	589	38.254534	-26.361868	9.837441e+04	2.409649e+01	4.031567e-02	2011	2	23	12
	589	38.254534	-26.361868	9.860317e+04	2.407572e+01	4.031567e-02	2011	2	23	18
	471	38.254962	-27.691166	9.855864e+04	2.257374e+01	2.300055e-02	2011	2	24	6
	470	36.754954	-28.167196	9.839445e+04	2.604309e+01	1.643325e-01	2011	2	24	12
	470	36.754954	-28.167196	9.847680e+04	3.137314e+01	1.643325e-01	2011	2	24	18
	467	35.254719	-28.622895	9.851685e+04	2.361372e+01	1.335272e+00	2011	2	25	6
	464	33.755118	-30.442423	9.844427e+04	2.418790e+01	5.175701e+00	2011	2	25	18
	346	33.755549	-31.838610	9.843216e+04	2.202077e+01	9.563185e-01	2011	2	26	0
	225	35.256951	-35.612364	9.873131e+04	1.742003e+01	8.764416e-04	2011	2	26	18
start	16	2011	4	2	0
	5993	131.250729	9.657091	9.990142e+04	2.112132e+01	5.362422e-02	2011	4	2	0
	5995	131.250911	10.812292	9.922005e+04	2.286104e+01	1.572141e-02	2011	4	2	18
	5995	131.250911	10.812292	9.925251e+04	2.414666e+01	1.572141e-02	2011	4	3	0
	5998	132.750923	10.566242	9.875380e+04	2.311895e+01	2.380620e-03	2011	4	3	6
	9600	135.748872	11.423834	9.867348e+04	2.307300e+01	3.206888e-04	2011	4	3	18
	9604	138.748888	11.974293	9.828004e+04	2.635412e+01	1.708685e-03	2011	4	4	12
	9607	140.248668	13.429491	9.821228e+04	2.583700e+01	1.257187e-03	2011	4	4	18
	9610	141.748700	13.706356	9.829607e+04	2.490734e+01	1.780720e-02	2011	4	5	0
	9729	143.248470	15.218297	9.827011e+04	2.320098e+01	7.915598e-02	2011	4	5	12
	9731	143.248216	16.470138	9.819960e+04	2.300369e+01	3.021923e-02	2011	4	5	18
	9734	144.748278	16.768656	9.847599e+04	2.033029e+01	9.153193e-02	2011	4	6	0
	9734	144.748278	16.768656	9.845442e+04	2.208938e+01	9.153193e-02	2011	4	6	6
	9735	146.248288	17.055412	9.871791e+04	1.916543e+01	1.551538e-01	2011	4	6	12
	9738	147.748365	17.330323	9.853155e+04	2.366889e+01	4.538668e-02	2011	4	6	18
	9739	149.248378	17.593268	9.856841e+04	2.089920e+01	2.326756e-03	2011	4	7	6
	9739	149.248378	17.593268	9.896958e+04	1.936576e+01	2.326756e-03	2011	4	7	12
start	18	2011	5	18	12
	9733	146.248531	15.763763	9.870527e+04	2.524672e+01	2.090227e-01	2011	5	18	12
	9733	146.248531	15.763763	9.799871e+04	2.533877e+01	2.090227e-01	2011	5	18	18
	9736	147.748596	16.020142	9.781756e+04	2.912018e+01	6.042169e-02	2011	5	19	0
	9738	147.748365	17.330323	9.694719e+04	3.142020e+01	4.538668e-02	2011	5	19	6
	9856	147.748118	18.647312	9.707230e+04	3.173603e+01	4.155698e-02	2011	5	19	12
	9856	147.748118	18.647312	9.663595e+04	3.209408e+01	4.155698e-02	2011	5	19	18
	9856	147.748118	18.647312	9.700492e+04	3.404895e+01	4.155698e-02	2011	5	20	0
	9858	147.747854	19.971108	9.702151e+04	3.030027e+01	2.248687e-02	2011	5	20	6
	9858	147.747854	19.971108	9.754428e+04	2.963443e+01	2.248687e-02	2011	5	20	12
	9976	147.747573	21.302633	9.739293e+04	3.105013e+01	6.541820e-03	2011	5	20	18
	9979	149.247296	22.970117	9.735565e+04	2.785360e+01	7.248233e-05	2011	5	21	6
	9979	149.247296	22.970117	9.720748e+04	3.013453e+01	7.248233e-05	2011	5	21	12
	9982	150.747457	23.282751	9.652120e+04	3.482694e+01	7.200599e-06	2011	5	21	18
	10100	150.747169	24.659382	9.659758e+04	2.746711e+01	2.684893e-06	2011	5	22	0
	10101	152.247196	24.969410	9.602565e+04	2.687897e+01	9.895254e-06	2011	5	22	6
	10101	152.247196	24.969410	9.637752e+04	2.891083e+01	9.895254e-06	2011	5	22	12
	10104	153.747398	25.262968	9.630752e+04	3.202872e+01	2.615624e-05	2011	5	22	18
	10110	156.747403	27.229448	9.701871e+04	2.720471e+01	5.048325e-07	2011	5	23	12
start	14	2011	6	23	0
	9852	144.748016	18.048652	9.947997e+04	2.113696e+01	8.445195e-02	2011	6	23	0
	9852	144.748016	18.048652	9.905671e+04	2.256702e+01	8.445195e-02	2011	6	23	6
	9852	144.748016	18.048652	9.902774e+04	2.537708e+01	8.445195e-02	2011	6	23	12
	9851	143.247648	18.998630	9.849783e+04	2.599653e+01	1.530609e-02	2011	6	23	18
	9851	143.247648	18.998630	9.804564e+04	3.118862e+01	1.530609e-02	2011	6	24	0
	9970	141.746993	21.173393	9.752002e+04	3.851931e+01	5.680635e-04	2011	6	24	6
	10085	140.246528	22.027361	9.729105e+04	3.132458e+01	1.563585e-03	2011	6	24	12
	10084	138.746525	21.585753	9.724038e+04	3.186567e+01	1.869419e-04	2011	6	24	18
	10086	138.746135	22.837355	9.743843e+04	3.605540e+01	6.949134e-04	2011	6	25	0
	10203	137.245152	24.863520	9.683927e+04	2.707268e+01	1.657541e-04	2011	6	25	18
	10440	135.743668	28.146556	9.740161e+04	2.296250e+01	3.064123e-02	2011	6	26	12
	10443	137.243101	30.070538	9.793602e+04	1.555816e+01	3.222540e-01	2011	6	27	12
	10446	138.743355	30.659430	9.799989e+04	1.735764e+01	3.737929e-01	2011	6	27	18
	10446	138.743355	30.659430	9.819234e+04	1.754992e+01	3.737929e-01	2011	6	28	0
start	16	2011	9	12	12
	6475	131.253106	20.346666	9.886524e+04	1.847778e+01	8.666053e-05	2011	9	12	12
	6474	129.753103	20.767661	9.852322e+04	1.959622e+01	1.075875e-03	2011	9	12	18
	6471	128.253007	21.173393	9.868506e+04	1.939360e+01	1.274949e-02	2011	9	13	0
	6589	128.253360	22.452688	9.828552e+04	2.763203e+01	4.076661e-02	2011	9	13	6
	6589	128.253360	22.452688	9.813970e+04	2.593130e+01	4.076661e-02	2011	9	13	12
	6588	126.753351	22.861609	9.808036e+04	2.640177e+01	3.205570e-01	2011	9	13	18
	6588	126.753351	22.861609	9.800592e+04	2.655947e+01	3.205570e-01	2011	9	14	0
	6590	126.753723	24.170099	9.784097e+04	2.094703e+01	2.956099e-01	2011	9	14	12
	6587	125.253564	24.579585	9.752097e+04	2.646362e+01	2.524986e+00	2011	9	14	18
	6586	123.753548	24.971611	9.741315e+04	1.676892e+01	1.725029e+01	2011	9	15	6
	6704	123.753915	26.323281	9.761312e+04	2.952477e+01	6.064707e+00	2011	9	15	12
	6701	122.253707	26.712242	9.748395e+04	2.304216e+01	3.286365e+01	2011	9	15	18
	6700	120.753682	27.082855	9.807349e+04	2.057273e+01	1.819431e+02	2011	9	16	6
	6697	119.253449	27.435268	9.827954e+04	9.784290e+00	4.176867e+02	2011	9	16	12
	6702	120.754038	28.470979	9.862462e+04	1.115802e+01	2.103609e+02	2011	9	17	0
	6820	120.754408	29.868565	9.899721e+04	1.886230e+01	1.376830e+02	2011	9	17	6
start	15	2011	10	26	0
	9609	143.248920	12.735878	9.991744e+04	1.396941e+01	2.103672e-01	2011	10	26	0
	9611	143.248705	13.973543	9.953449e+04	1.729929e+01	1.898612e-01	2011	10	26	6
	9730	141.748209	16.159996	9.977340e+04	2.066004e+01	3.775430e-03	2011	10	26	12
	9846	138.747568	17.904581	9.924180e+04	2.213049e+01	1.732643e-05	2011	10	27	6
	6479	134.253173	19.459211	9.858218e+04	2.251968e+01	2.236401e-06	2011	10	28	0
	6478	132.753176	19.910463	9.799391e+04	2.569161e+01	1.412990e-05	2011	10	28	6
	6475	131.253106	20.346666	9.811638e+04	2.483047e+01	8.666053e-05	2011	10	28	12
	6474	129.753103	20.767661	9.797516e+04	2.787719e+01	1.075875e-03	2011	10	29	0
	6471	128.253007	21.173393	9.742681e+04	2.859663e+01	1.274949e-02	2011	10	29	6
	6470	126.752999	21.563729	9.766068e+04	3.011615e+01	1.410331e-01	2011	10	29	12
	6467	125.252879	21.938646	9.746723e+04	3.029699e+01	3.086564e+00	2011	10	29	18
	6464	123.752549	20.975168	9.732766e+04	3.415504e+01	6.126610e+00	2011	10	30	0
	6461	122.252427	21.302633	9.740503e+04	2.796608e+01	2.184892e+01	2011	10	30	6
	6580	120.753014	24.332810	9.826709e+04	2.966743e+01	2.539109e+02	2011	10	30	18
	6577	119.252831	24.659382	9.927396e+04	1.450601e+01	1.993048e+02	2011	10	31	0
start	19	2011	11	3	0
	13278	282.750582	16.849388	9.952511e+04	1.408467e+01	2.122677e+01	2011	11	3	0
	13396	282.750684	18.319283	9.933839e+04	2.319386e+01	4.552111e+01	2011	11	3	12
	13396	282.750684	18.319283	9.930059e+04	2.147715e+01	4.552111e+01	2011	11	3	18
	13396	282.750684	18.319283	9.957571e+04	1.994016e+01	4.552111e+01	2011	11	4	6
	13396	282.750684	18.319283	9.966059e+04	2.030856e+01	4.552111e+01	2011	11	4	12
	13396	282.750684	18.319283	9.963492e+04	2.096232e+01	4.552111e+01	2011	11	4	18
	13396	282.750684	18.319283	9.970449e+04	2.059348e+01	4.552111e+01	2011	11	5	0
	13393	281.250561	18.414552	9.938917e+04	1.903174e+01	1.671768e+01	2011	11	5	12
	13393	281.250561	18.414552	9.938927e+04	1.705532e+01	1.671768e+01	2011	11	5	18
	13392	279.750536	18.497963	9.924661e+04	2.624774e+01	1.558664e+00	2011	11	6	0
	13392	279.750536	18.497963	9.884704e+04	2.638612e+01	1.558664e+00	2011	11	6	6
	13392	279.750536	18.497963	9.849766e+04	2.692917e+01	1.558664e+00	2011	11	6	12
	13392	279.750536	18.497963	9.832238e+04	2.828666e+01	1.558664e+00	2011	11	6	18
	13393	281.250561	18.414552	9.830296e+04	2.757876e+01	1.671768e+01	2011	11	7	0
	13398	282.750794	19.790282	9.843002e+04	2.532745e+01	4.541315e+01	2011	11	7	6
	13398	282.750794	19.790282	9.847448e+04	2.713975e+01	4.541315e+01	2011	11	7	12
	13398	282.750794	19.790282	9.875061e+04	2.569720e+01	4.541315e+01	2011	11	7	18
	13517	284.250941	21.141225	9.891980e+04	1.799266e+01	4.316490e+01	2011	11	8	0
	13523	287.251283	22.309550	9.964379e+04	2.258751e+01	3.088633e+00	2011	11	8	18
start	11	2011	12	14	12
	5796	72.749764	9.319739	9.960648e+04	1.897783e+01	2.284082e+00	2011	12	14	12
	5793	71.249733	9.242234	9.945555e+04	2.109718e+01	1.257339e-01	2011	12	14	18
	5791	68.249601	10.468129	9.954528e+04	1.885880e+01	1.167062e-03	2011	12	15	6
	5790	66.749594	10.357765	9.934612e+04	2.355166e+01	1.377530e-04	2011	12	15	12
	5904	63.749430	11.473021	9.893188e+04	2.510740e+01	0.000000e+00	2011	12	16	0
	5901	62.249391	11.325057	9.907677e+04	2.569870e+01	2.295326e-05	2011	12	16	6
	5902	60.749233	12.495417	9.907070e+04	2.370052e+01	8.171129e-04	2011	12	16	12
	5899	59.249191	12.313843	9.920172e+04	2.398379e+01	8.680301e-03	2011	12	16	18
	5898	57.749184	12.123828	9.906640e+04	2.661166e+01	1.251449e-01	2011	12	17	0
	5895	56.249148	11.925462	9.934073e+04	2.372563e+01	1.429925e+00	2011	12	17	6
	5889	53.249291	10.278258	9.996568e+04	2.325247e+01	5.176932e+00	2011	12	18	0
start	12	2011	12	14	18
	4707	65.249148	-14.367144	9.878466e+04	2.136669e+01	7.039012e-06	2011	12	14	18
	4707	65.249148	-14.367144	9.824493e+04	2.245770e+01	7.039012e-06	2011	12	15	0
	4708	66.749062	-15.924127	9.838085e+04	2.621761e+01	3.517198e-05	2011	12	15	18
	4463	62.248256	-19.448637	9.760314e+04	2.573547e+01	4.422533e-02	2011	12	16	12
	4463	62.248256	-19.448637	9.764067e+04	2.163556e+01	4.422533e-02	2011	12	16	18
	4342	60.747732	-21.913430	9.796492e+04	2.169934e+01	1.107475e-01	2011	12	17	6
	4220	60.746866	-26.043324	9.802043e+04	2.398987e+01	9.493527e-04	2011	12	17	18
	4102	60.746551	-27.435268	9.783066e+04	1.979299e+01	3.811533e-05	2011	12	18	0
	3982	60.745883	-30.243805	9.779202e+04	2.191747e+01	2.956318e-08	2011	12	18	6
	3981	62.245569	-32.025831	9.773874e+04	1.578450e+01	1.027643e-10	2011	12	18	12
	3864	63.745254	-35.263554	9.775528e+04	2.321518e+01	0.000000e+00	2011	12	18	18
	3745	65.244622	-38.536027	9.754200e+04	1.580721e+01	0.000000e+00	2011	12	19	0
start	15	2012	3	6	12
	4773	116.251033	-15.563139	9.964771e+04	1.116002e+01	8.113543e-03	2012	3	6	12
	4772	114.751019	-15.748916	9.887403e+04	2.575942e+01	3.640235e-03	2012	3	7	12
	4769	113.250938	-15.924127	9.859936e+04	2.270871e+01	1.067651e-03	2012	3	7	18
	4650	111.751086	-17.500538	9.829695e+04	2.722721e+01	1.448553e-03	2012	3	8	6
	4650	111.751086	-17.500538	9.811143e+04	2.797672e+01	1.448553e-03	2012	3	8	12
	4645	110.251139	-19.092564	9.757778e+04	2.774059e+01	2.133087e-03	2012	3	9	6
	4527	110.251307	-20.521939	9.760681e+04	2.763134e+01	1.588626e-02	2012	3	9	12
	4524	108.751456	-22.139018	9.748793e+04	2.882672e+01	7.305764e-03	2012	3	9	18
	4406	108.751640	-23.584184	9.726884e+04	3.137490e+01	2.161482e-02	2012	3	10	0
	4404	108.751835	-25.032301	9.717097e+04	3.354579e+01	3.814000e-02	2012	3	10	6
	4286	108.752038	-26.483657	9.740430e+04	2.759480e+01	3.087745e-02	2012	3	10	12
	4165	110.252752	-30.624752	9.776481e+04	2.257382e+01	6.298739e-02	2012	3	11	0
	4048	111.753617	-33.282872	9.815310e+04	2.410468e+01	6.813889e-01	2012	3	11	6
	3931	113.253961	-34.455277	9.864760e+04	1.873238e+01	5.414317e+00	2012	3	11	12
	3814	114.755031	-37.065137	9.888460e+04	1.410605e+01	2.438261e+00	2012	3	11	18
start	11	2012	6	1	18
	9606	138.748665	13.143094	9.761743e+04	3.217862e+01	2.088359e-04	2012	6	1	18
	9606	138.748665	13.143094	9.691987e+04	3.667495e+01	2.088359e-04	2012	6	2	0
	9724	138.748423	14.320097	9.644082e+04	3.314541e+01	8.277040e-05	2012	6	2	6
	9724	138.748423	14.320097	9.618440e+04	3.688457e+01	8.277040e-05	2012	6	2	12
	9726	138.748159	15.505302	9.491752e+04	4.178483e+01	3.012895e-05	2012	6	2	18
	9844	138.747874	16.700130	9.504147e+04	4.618276e+01	2.181724e-05	2012	6	3	0
	9960	135.747186	18.278193	9.585417e+04	2.821037e+01	1.748295e-07	2012	6	3	18
	9960	135.747186	18.278193	9.561920e+04	4.172474e+01	1.748295e-07	2012	6	4	0
	6479	134.253173	19.459211	9.423193e+04	4.223470e+01	2.236401e-06	2012	6	4	12
	10200	135.745613	23.086003	9.433355e+04	3.661380e+01	9.776413e-05	2012	6	5	12
	10203	137.245152	24.863520	9.472809e+04	3.245029e+01	1.657541e-04	2012	6	6	0
start	26	2012	6	6	12
	9511	158.249366	13.273560	9.995920e+04	1.776488e+01	6.232782e-05	2012	6	6	12
	9510	156.749355	13.135491	9.923227e+04	1.994463e+01	4.349221e-05	2012	6	7	6
	9629	158.249228	14.679850	9.876132e+04	2.273294e+01	2.952330e-06	2012	6	8	6
	9631	158.249077	16.088685	9.846893e+04	2.828929e+01	3.883594e-07	2012	6	8	18
	9749	158.248914	17.500538	9.845924e+04	2.493071e+01	1.658846e-08	2012	6	9	6
	9749	158.248914	17.500538	9.850331e+04	2.424797e+01	1.658846e-08	2012	6	9	12
	9749	158.248914	17.500538	9.805280e+04	2.385620e+01	1.658846e-08	2012	6	9	18
	9749	158.248914	17.500538	9.770970e+04	3.088304e+01	1.658846e-08	2012	6	10	0
	9749	158.248914	17.500538	9.720459e+04	2.866440e+01	1.658846e-08	2012	6	10	6
	9749	158.248914	17.500538	9.691340e+04	3.421344e+01	1.658846e-08	2012	6	10	12
	9749	158.248914	17.500538	9.646164e+04	3.406540e+01	1.658846e-08	2012	6	10	18
	9749	158.248914	17.500538	9.657385e+04	3.271772e+01	1.658846e-08	2012	6	11	0
	9751	158.248739	18.915408	9.640743e+04	3.940784e+01	4.469286e-09	2012	6	11	6
	9750	156.748717	18.725826	9.625104e+04	3.738158e+01	1.614039e-08	2012	6	11	12
	9750	156.748717	18.725826	9.607402e+04	4.008915e+01	1.614039e-08	2012	6	11	18
	9865	155.248396	19.917572	9.587465e+04	3.852198e+01	4.754970e-07	2012	6	12	0
	9865	155.248396	19.917572	9.563661e+04	3.607117e+01	4.754970e-07	2012	6	12	6
	9863	152.248013	20.819645	9.570009e+04	3.601549e+01	1.225208e-05	2012	6	12	18
	9980	150.747732	21.913430	9.534506e+04	3.708396e+01	3.454892e-05	2012	6	13	0
	9982	150.747457	23.282751	9.543934e+04	3.907289e+01	7.200599e-06	2012	6	13	6
	10097	149.246986	24.332810	9.515277e+04	3.204555e+01	1.009645e-05	2012	6	13	12
	10098	147.746636	25.346261	9.518944e+04	3.457259e+01	1.619561e-05	2012	6	13	18
	10213	146.246085	26.323281	9.556678e+04	2.854002e+01	6.523030e-04	2012	6	14	0
	10213	146.246085	26.323281	9.568498e+04	2.319123e+01	6.523030e-04	2012	6	14	6
	10215	146.245700	27.685185	9.605632e+04	2.341380e+01	1.391880e-03	2012	6	14	12
	10215	146.245700	27.685185	9.656918e+04	2.205245e+01	1.391880e-03	2012	6	14	18
start	34	2013	3	22	12
	4968	81.749849	-11.136611	9.960988e+04	2.153408e+01	0.000000e+00	2013	3	22	12
	4964	78.749793	-11.039390	9.897883e+04	1.971662e+01	1.896617e-08	2013	3	23	0
	4843	77.249677	-12.445829	9.866862e+04	2.596871e+01	1.883904e-08	2013	3	23	6
	4843	77.249677	-12.445829	9.796116e+04	3.015587e+01	1.883904e-08	2013	3	23	12
	4841	77.249599	-13.912745	9.812437e+04	2.388549e+01	2.109171e-09	2013	3	23	18
	4840	75.749585	-13.829001	9.750284e+04	3.053264e+01	1.570937e-08	2013	3	24	0
	4840	75.749585	-13.829001	9.740641e+04	3.463625e+01	1.570937e-08	2013	3	24	6
	4719	74.249411	-15.186999	9.668769e+04	3.212258e+01	0.000000e+00	2013	3	24	12
	4718	72.749396	-15.075138	9.701509e+04	2.904858e+01	1.772030e-10	2013	3	24	18
	4713	71.249183	-16.385634	9.705910e+04	3.000082e+01	1.098577e-07	2013	3	25	0
	4712	69.749166	-16.242545	9.693712e+04	3.299975e+01	1.662393e-06	2013	3	25	6
	4709	68.249077	-16.088685	9.675809e+04	3.128287e+01	8.622428e-06	2013	3	25	12
	4708	66.749062	-15.924127	9.701056e+04	4.229840e+01	3.517198e-05	2013	3	25	18
	4705	65.248981	-15.748916	9.636371e+04	3.400208e+01	7.727866e-05	2013	3	26	0
	4704	63.748967	-15.563139	9.607673e+04	4.005756e+01	1.210948e-04	2013	3	26	6
	4701	62.248894	-15.366851	9.593399e+04	3.898266e+01	1.410880e-04	2013	3	26	12
	4583	62.248697	-16.722598	9.559531e+04	3.917598e+01	1.627117e-03	2013	3	26	18
	4580	60.748468	-17.844181	9.561908e+04	4.236357e+01	3.581139e-02	2013	3	27	0
	4577	59.248378	-17.593268	9.628027e+04	3.377454e+01	1.103286e-01	2013	3	27	6
	4459	59.248133	-18.927383	9.605179e+04	3.001677e+01	6.247114e-01	2013	3	27	12
	4458	57.748118	-18.647312	9.668162e+04	2.442411e+01	1.766829e+00	2013	3	27	18
	4456	57.747854	-19.971108	9.641031e+04	3.492276e+01	6.609680e+00	2013	3	28	0
	4453	56.247748	-19.660612	9.613304e+04	3.247040e+01	9.890484e+00	2013	3	28	6
	4453	56.247748	-19.660612	9.580056e+04	3.230575e+01	9.890484e+00	2013	3	28	12
	4334	54.747437	-20.633102	9.602583e+04	3.108916e+01	1.376795e+01	2013	3	28	18
	4334	54.747437	-20.633102	9.536768e+04	3.495690e+01	1.376795e+01	2013	3	29	0
	4332	54.747121	-21.938646	9.607716e+04	3.998386e+01	9.091840e+00	2013	3	29	6
	4211	53.246649	-22.861609	9.595751e+04	3.329857e+01	6.825385e-01	2013	3	29	12
	4209	53.246277	-24.170099	9.613559e+04	3.187572e+01	1.520779e-01	2013	3	29	18
	4091	53.245886	-25.490341	9.632270e+04	2.650967e+01	2.541309e-02	2013	3	30	0
	3971	53.245046	-28.167196	9.674060e+04	2.882007e+01	1.324918e-03	2013	3	30	12
	3969	53.244598	-29.524921	9.705215e+04	2.540795e+01	6.090089e-04	2013	3	30	18
	3851	53.244133	-30.896582	9.729830e+04	2.149360e+01	8.246177e-05	2013	3	31	0
	3734	54.743524	-34.187300	9.762348e+04	1.970382e+01	1.211585e-07	2013	3	31	6
start	12	2013	6	8	12
	6222	120.751622	17.593268	9.883743e+04	1.577958e+01	2.428667e+02	2013	6	8	12
	6223	122.251635	17.330323	9.830041e+04	1.404558e+01	1.396503e+02	2013	6	8	18
	6344	123.751973	18.354361	9.795252e+04	2.804761e+01	1.614250e+01	2013	6	9	0
	6350	126.752352	18.998630	9.764345e+04	3.032444e+01	3.383759e-02	2013	6	9	12
	6468	126.752665	20.276457	9.715224e+04	3.012788e+01	3.811950e-02	2013	6	9	18
	6471	128.253007	21.173393	9.674867e+04	3.076366e+01	1.274949e-02	2013	6	10	0
	6592	129.753472	22.027361	9.623993e+04	3.720589e+01	3.827024e-03	2013	6	10	6
	6592	129.753472	22.027361	9.626406e+04	3.245433e+01	3.827024e-03	2013	6	10	12
	6594	129.753863	23.298957	9.613439e+04	2.723123e+01	1.385001e-02	2013	6	10	18
	6712	129.754275	24.583801	9.650120e+04	2.460601e+01	1.076248e-01	2013	6	11	0
	6712	129.754275	24.583801	9.640803e+04	2.669130e+01	1.076248e-01	2013	6	11	6
	6712	129.754275	24.583801	9.688807e+04	2.463379e+01	1.076248e-01	2013	6	11	12
start	22	2013	7	14	18
	6358	132.752480	17.513395	9.765784e+04	2.835502e+01	3.713951e-08	2013	7	14	18
	6358	132.752480	17.513395	9.756167e+04	2.581068e+01	3.713951e-08	2013	7	15	0
	6355	131.252432	17.904581	9.690729e+04	2.984912e+01	6.987199e-05	2013	7	15	6
	6355	131.252432	17.904581	9.632324e+04	2.546181e+01	6.987199e-05	2013	7	15	12
	6355	131.252432	17.904581	9.576484e+04	3.289656e+01	6.987199e-05	2013	7	15	18
	6354	129.752428	18.282591	9.543107e+04	3.858912e+01	4.616557e-04	2013	7	16	0
	6472	129.752755	19.519856	9.466145e+04	4.143356e+01	3.223813e-04	2013	7	16	6
	6474	129.753103	20.767661	9.505814e+04	2.894122e+01	1.075875e-03	2013	7	16	12
	6589	128.253360	22.452688	9.545165e+04	2.846806e+01	4.076661e-02	2013	7	16	18
	6589	128.253360	22.452688	9.579310e+04	2.981875e+01	4.076661e-02	2013	7	17	0
	6590	126.753723	24.170099	9.567755e+04	2.563702e+01	2.956099e-01	2013	7	17	6
	6590	126.753723	24.170099	9.557016e+04	2.914573e+01	2.956099e-01	2013	7	17	12
	6708	126.754114	25.490341	9.518995e+04	3.400951e+01	4.179425e-01	2013	7	17	18
	6707	125.254318	27.263458	9.475205e+04	2.994410e+01	7.760299e-01	2013	7	18	0
	6707	125.254318	27.263458	9.421374e+04	3.266091e+01	7.760299e-01	2013	7	18	6
	6826	123.755118	30.442423	9.381628e+04	2.597107e+01	2.929194e+00	2013	7	18	18
	6944	123.755549	31.838610	9.423467e+04	3.107560e+01	8.827621e-01	2013	7	19	0
	6946	123.755997	33.246793	9.491708e+04	2.285980e+01	9.859113e-01	2013	7	19	6
	7066	123.756933	36.101507	9.532028e+04	1.798997e+01	4.501971e+00	2013	7	19	12
	7184	123.757420	37.548739	9.603878e+04	2.620575e+01	1.232874e+01	2013	7	19	18
	20996	119.650304	43.229372	9.725228e+04	1.139796e+01	6.315952e+02	2013	7	20	18
	20752	115.630287	47.307632	9.837436e+04	1.572031e+01	8.198088e+02	2013	7	21	12
start	19	2013	9	24	12
	13378	267.749892	20.235671	1.000086e+05	1.642370e+01	6.972710e+00	2013	9	24	12
	13378	267.749892	20.235671	9.999459e+04	1.627758e+01	6.972710e+00	2013	9	24	18
	13496	267.749876	21.734813	9.967256e+04	1.806776e+01	1.007949e+00	2013	9	25	0
	13496	267.749876	21.734813	9.935099e+04	2.001431e+01	1.007949e+00	2013	9	25	6
	13496	267.749876	21.734813	9.910591e+04	2.017974e+01	1.007949e+00	2013	9	25	12
	13498	267.749860	23.233995	9.889882e+04	1.725931e+01	4.689487e-02	2013	9	25	18
	13616	267.749842	24.733223	9.885718e+04	2.439378e+01	1.347862e-02	2013	9	26	0
	13617	269.249887	24.748140	9.869759e+04	1.814144e+01	1.937556e-02	2013	9	26	6
	13619	269.249874	26.248059	9.848198e+04	2.713713e+01	3.612200e-02	2013	9	26	12
	13740	270.750139	27.747984	9.840165e+04	3.217631e+01	1.559900e-01	2013	9	26	18
	13743	272.250215	29.231185	9.848334e+04	2.424621e+01	6.343243e+00	2013	9	27	0
	13864	273.750570	30.696110	9.840606e+04	2.514573e+01	4.733772e+01	2013	9	27	6
	13865	275.250636	30.644357	9.857270e+04	2.088916e+01	4.721330e+01	2013	9	27	12
	13870	276.751055	32.070547	9.883689e+04	1.014161e+01	9.785075e+01	2013	9	27	18
	13992	279.751608	33.366276	9.901637e+04	1.862953e+01	5.330948e+01	2013	9	28	0
	13993	281.251681	33.238795	9.913870e+04	1.360140e+01	1.360224e+01	2013	9	28	6
	13998	282.752229	34.579089	9.901337e+04	1.117425e+01	1.435509e+01	2013	9	28	12
	14002	285.752709	34.224061	9.885102e+04	1.931422e+01	1.218448e-01	2013	9	29	0
	14002	285.752709	34.224061	9.843957e+04	2.385333e+01	1.218448e-01	2013	9	29	6
start	14	2013	10	5	6
	9480	135.749261	9.208882	9.881184e+04	2.162697e+01	3.205726e-02	2013	10	5	6
	6116	132.751128	11.703239	9.841229e+04	2.935332e+01	5.120777e-04	2013	10	6	0
	6112	129.751110	12.236841	9.859229e+04	2.504256e+01	4.506607e-02	2013	10	6	12
	6112	129.751110	12.236841	9.814785e+04	3.196617e+01	4.506607e-02	2013	10	6	18
	6109	128.251084	12.490750	9.838338e+04	2.607316e+01	3.203179e-01	2013	10	7	0
	6111	128.251300	13.706356	9.755566e+04	2.825137e+01	1.402339e-01	2013	10	7	6
	6110	126.751295	13.973543	9.731764e+04	3.380489e+01	1.582169e+00	2013	10	7	12
	6107	125.251252	14.230934	9.698445e+04	2.615672e+01	7.490939e+00	2013	10	7	18
	6107	125.251252	14.230934	9.662741e+04	2.894336e+01	7.490939e+00	2013	10	8	0
	6225	125.251477	15.496451	9.697308e+04	3.676990e+01	2.809414e+00	2013	10	8	6
	6224	123.751469	15.763763	9.751645e+04	3.503827e+01	2.647575e+01	2013	10	8	12
	6224	123.751469	15.763763	9.728377e+04	3.085214e+01	2.647575e+01	2013	10	8	18
	6221	122.251404	16.020142	9.783188e+04	1.898365e+01	1.261669e+02	2013	10	9	0
	6220	120.751393	16.265463	9.769773e+04	3.079245e+01	2.492426e+02	2013	10	9	12
start	13	2013	12	15	12
	5706	93.750046	8.232596	1.002409e+05	1.344075e+01	8.390857e-01	2013	12	15	12
	5703	92.250019	8.243734	1.000316e+05	1.267767e+01	3.643611e-01	2013	12	15	18
	5820	90.750019	9.749184	9.937400e+04	2.507410e+01	1.403435e-01	2013	12	16	6
	5818	87.749966	11.241558	9.939914e+04	2.231339e+01	2.545449e-03	2013	12	16	18
	5936	87.749956	12.740504	9.959770e+04	2.423939e+01	4.369100e-03	2013	12	17	6
	5936	87.749956	12.740504	9.940040e+04	2.787307e+01	4.369100e-03	2013	12	17	12
	5936	87.749956	12.740504	9.954938e+04	2.458064e+01	4.369100e-03	2013	12	17	18
	5938	87.749945	14.239473	9.955634e+04	2.335438e+01	9.961672e-03	2013	12	18	6
	5939	89.249961	14.248833	9.949376e+04	2.094468e+01	5.077751e-02	2013	12	19	0
	5939	89.249961	14.248833	9.959251e+04	2.229663e+01	5.077751e-02	2013	12	19	6
	5939	89.249961	14.248833	9.956264e+04	2.175034e+01	5.077751e-02	2013	12	19	12
	5939	89.249961	14.248833	9.960107e+04	2.100256e+01	5.077751e-02	2013	12	19	18
	5939	89.249961	14.248833	9.954141e+04	1.986264e+01	5.077751e-02	2013	12	20	0
start	13	2014	1	1	18
	8206	168.749439	-18.414552	9.878691e+04	1.994962e+01	5.401483e+00	2014	1	1	18
	8210	171.749592	-18.569504	9.840173e+04	2.323989e+01	5.571498e-01	2014	1	2	0
	8326	168.749600	-15.462259	9.845712e+04	1.370888e+01	9.748439e+00	2014	1	2	18
	8325	170.249544	-17.015543	9.822999e+04	2.375367e+01	2.588563e+00	2014	1	3	0
	8214	174.749748	-18.676881	9.809605e+04	1.660143e+01	1.717898e-01	2014	1	3	12
	8218	177.749907	-18.736570	9.813062e+04	1.474772e+01	1.427910e+01	2014	1	3	18
	8220	180.750077	-20.248411	9.795359e+04	2.934866e+01	6.170959e-01	2014	1	4	0
	8106	183.750299	-21.707807	9.757762e+04	1.603343e+01	4.944845e-02	2014	1	4	6
	8108	186.750577	-23.105928	9.720982e+04	3.413313e+01	9.475476e-03	2014	1	4	12
	7991	188.250692	-24.524357	9.680181e+04	2.642754e+01	3.505518e-04	2014	1	4	18
	7993	191.251063	-25.812008	9.637191e+04	3.141011e+01	3.768768e-06	2014	1	5	0
	7878	192.751442	-27.165205	9.621162e+04	2.631487e+01	1.310140e-07	2014	1	5	6
	7877	194.251644	-28.493485	9.633193e+04	2.605952e+01	6.096395e-08	2014	1	5	12
start	11	2014	2	7	0
	4576	57.748365	-17.330323	9.899605e+04	2.258037e+01	2.448347e-01	2014	2	7	0
	4576	57.748365	-17.330323	9.891618e+04	2.497663e+01	2.448347e-01	2014	2	7	6
	4573	56.248288	-17.055412	9.844201e+04	2.608858e+01	1.505995e-01	2014	2	7	12
	4455	56.248027	-18.354361	9.807420e+04	2.919750e+01	1.333795e+00	2014	2	7	18
	4455	56.248027	-18.354361	9.731480e+04	3.314242e+01	1.333795e+00	2014	2	8	0
	4452	54.747736	-19.336437	9.789670e+04	2.788996e+01	4.111338e+00	2014	2	8	6
	4452	54.747736	-19.336437	9.738962e+04	3.184995e+01	4.111338e+00	2014	2	8	12
	4452	54.747736	-19.336437	9.749698e+04	3.602166e+01	4.111338e+00	2014	2	8	18
	4452	54.747736	-19.336437	9.726184e+04	3.611878e+01	4.111338e+00	2014	2	9	0
	4331	53.247335	-20.276457	9.643637e+04	3.631160e+01	2.646331e+00	2014	2	9	6
	4328	51.746993	-21.173393	9.686198e+04	3.195844e+01	2.713773e+00	2014	2	9	18
start	13	2014	2	10	6
	4598	72.749152	-17.962657	9.959153e+04	1.216501e+01	1.341617e-09	2014	2	10	6
	4598	72.749152	-17.962657	9.937114e+04	1.908707e+01	1.341617e-09	2014	2	10	12
	4595	71.249039	-17.820279	9.956069e+04	1.839531e+01	9.589795e-07	2014	2	10	18
	4585	65.248605	-18.523842	9.923272e+04	2.476088e+01	1.372105e-02	2014	2	11	18
	4585	65.248605	-18.523842	9.881671e+04	2.805806e+01	1.372105e-02	2014	2	12	0
	4466	63.748375	-19.689683	9.873717e+04	2.325883e+01	7.142042e-02	2014	2	12	6
	4457	59.247870	-20.267809	9.834359e+04	3.055092e+01	1.525515e+00	2014	2	12	18
	4338	57.747573	-21.302633	9.836053e+04	2.566549e+01	8.760837e+00	2014	2	13	0
	4333	56.247135	-22.298029	9.861341e+04	2.194959e+01	1.252794e+01	2014	2	13	12
	4214	54.746787	-23.254141	9.879340e+04	2.029340e+01	2.948900e+00	2014	2	13	18
	4209	53.246277	-24.170099	9.871014e+04	1.863642e+01	1.520779e-01	2014	2	14	0
	4090	51.745876	-25.046302	9.901827e+04	1.710358e+01	2.528859e-01	2014	2	14	6
	4090	51.745876	-25.046302	9.906659e+04	1.779134e+01	2.528859e-01	2014	2	14	12
start	24	2014	2	21	12
	8361	197.250722	-16.517913	9.856563e+04	2.296484e+01	1.246590e-04	2014	2	21	12
	8361	197.250722	-16.517913	9.792634e+04	1.708670e+01	1.246590e-04	2014	2	21	18
	8361	197.250722	-16.517913	9.741223e+04	2.370915e+01	1.246590e-04	2014	2	22	0
	8361	197.250722	-16.517913	9.714477e+04	2.438806e+01	1.246590e-04	2014	2	22	6
	8361	197.250722	-16.517913	9.640559e+04	3.193989e+01	1.246590e-04	2014	2	22	18
	8246	198.750961	-17.820279	9.505176e+04	3.446122e+01	2.869618e-03	2014	2	23	6
	8246	198.750961	-17.820279	9.473150e+04	3.714291e+01	2.869618e-03	2014	2	23	12
	8244	198.751115	-19.257223	9.411071e+04	3.712906e+01	2.540729e-02	2014	2	23	18
	8244	198.751115	-19.257223	9.332322e+04	3.970750e+01	2.540729e-02	2014	2	24	0
	8126	198.751280	-20.696803	9.284745e+04	3.485632e+01	5.821148e-02	2014	2	24	6
	8121	197.251283	-22.309550	9.263844e+04	3.444543e+01	8.405255e-03	2014	2	24	12
	8120	195.751250	-22.465901	9.288811e+04	3.820210e+01	9.243450e-04	2014	2	25	0
	7998	192.751164	-24.210996	9.349055e+04	3.216709e+01	1.180022e-05	2014	2	25	12
	7998	192.751164	-24.210996	9.391513e+04	3.124906e+01	1.180022e-05	2014	2	25	18
	7995	191.250952	-24.330382	9.361701e+04	2.579433e+01	3.071238e-05	2014	2	26	0
	7995	191.250952	-24.330382	9.377519e+04	3.348027e+01	3.071238e-05	2014	2	26	6
	7992	189.751016	-25.921058	9.369769e+04	2.941864e+01	8.198484e-06	2014	2	26	18
	7874	189.751126	-27.408196	9.391527e+04	2.567847e+01	8.802772e-07	2014	2	27	6
	7874	189.751126	-27.408196	9.402617e+04	2.740697e+01	8.802772e-07	2014	2	27	12
	7872	189.751241	-28.896241	9.469917e+04	2.309258e+01	3.025485e-07	2014	2	28	0
	7754	189.751360	-30.385260	9.490235e+04	2.100488e+01	6.838075e-09	2014	2	28	6
	7752	189.751483	-31.875253	9.569338e+04	1.982110e+01	6.367543e-10	2014	2	28	18
	7513	191.252093	-37.711144	9.702189e+04	1.681989e+01	0.000000e+00	2014	3	1	18
	7395	191.252234	-39.204835	9.740794e+04	2.617238e+01	2.701408e-07	2014	3	2	0
start	18	2014	3	22	6
	8562	165.749802	-9.455800	9.950678e+04	1.231634e+01	1.810208e-01	2014	3	22	6
	8561	167.249747	-10.979672	9.886966e+04	2.488334e+01	5.762746e-01	2014	3	22	18
	8441	167.249599	-13.912745	9.809498e+04	2.812767e+01	9.247144e+00	2014	3	23	12
	8323	167.249512	-15.380598	9.736990e+04	2.790406e+01	2.252652e+01	2014	3	23	18
	8324	168.749523	-16.937972	9.749033e+04	3.119498e+01	1.031151e+01	2014	3	24	0
	8206	168.749439	-18.414552	9.633706e+04	2.840383e+01	5.401483e+00	2014	3	24	12
	8205	170.249379	-19.981037	9.654322e+04	3.237002e+01	1.709470e+00	2014	3	24	18
	8205	170.249379	-19.981037	9.617916e+04	3.345056e+01	1.709470e+00	2014	3	25	0
	8087	170.249288	-21.464859	9.624493e+04	3.198102e+01	1.143066e+00	2014	3	25	6
	8088	171.749385	-23.034792	9.657293e+04	3.412712e+01	3.830556e-02	2014	3	25	12
	8085	170.249191	-22.949427	9.661730e+04	2.893751e+01	5.189059e-01	2014	3	25	18
	7967	170.249090	-24.434827	9.663124e+04	2.685023e+01	1.282411e-01	2014	3	26	0
	7846	168.748822	-27.294838	9.705943e+04	2.519936e+01	1.482148e-02	2014	3	26	12
	7844	168.748702	-28.778870	9.714631e+04	2.452334e+01	1.630053e-02	2014	3	26	18
	7721	167.248099	-31.608397	9.741236e+04	1.853232e+01	1.342690e-03	2014	3	27	6
	7600	165.747696	-34.411121	9.735166e+04	2.140124e+01	1.750860e-04	2014	3	27	12
	7477	164.246870	-37.189641	9.735403e+04	1.790388e+01	5.974871e-04	2014	3	27	18
	7235	161.245545	-41.197580	9.783546e+04	2.305752e+01	2.676090e-03	2014	3	28	6
start	11	2014	7	12	6
	6718	132.754848	24.863520	9.594723e+04	2.973399e+01	1.752741e-02	2014	7	12	6
	6718	132.754848	24.863520	9.574995e+04	2.502188e+01	1.752741e-02	2014	7	12	12
	6836	132.755325	26.139681	9.552605e+04	3.352683e+01	6.511228e-02	2014	7	12	18
	6836	132.755325	26.139681	9.553648e+04	3.008095e+01	6.511228e-02	2014	7	13	0
	6836	132.755325	26.139681	9.537875e+04	3.492318e+01	6.511228e-02	2014	7	13	6
	6838	132.755826	27.432111	9.560486e+04	1.834660e+01	2.827713e-01	2014	7	13	12
	6835	131.255636	27.987909	9.568652e+04	2.082572e+01	1.430986e+00	2014	7	13	18
	6834	129.755639	28.521847	9.595712e+04	2.204983e+01	2.307819e+00	2014	7	14	0
	6831	128.255410	29.034193	9.599138e+04	2.250174e+01	1.395496e+00	2014	7	14	6
	6830	126.755402	29.524921	9.612926e+04	2.114718e+01	2.932019e-01	2014	7	14	12
	6826	123.755118	30.442423	9.658452e+04	1.519045e+01	2.929194e+00	2014	7	15	6
start	16	2014	7	19	6
	13132	264.749881	12.698306	1.007780e+05	1.809964e+01	1.652565e+00	2014	7	19	6
	13125	260.249747	12.571914	1.004244e+05	1.570493e+01	6.497499e-01	2014	7	19	18
	13126	258.749671	13.987280	9.999468e+04	1.870022e+01	3.306037e+00	2014	7	20	12
	13123	257.249599	13.912745	9.976226e+04	2.347374e+01	7.026128e-01	2014	7	20	18
	13122	255.749585	13.829001	9.955458e+04	2.002517e+01	3.290020e-01	2014	7	21	0
	13237	254.249411	15.186999	9.960834e+04	2.734027e+01	1.286958e+00	2014	7	21	12
	13353	251.249039	17.820279	9.957420e+04	2.202661e+01	4.332072e-01	2014	7	22	0
	13351	248.248739	18.915408	9.884222e+04	2.399588e+01	1.636089e-02	2014	7	22	12
	13465	245.248396	19.917572	9.855361e+04	2.443963e+01	3.702510e-03	2014	7	22	18
	13464	243.748375	19.689683	9.822502e+04	2.256719e+01	6.999501e-04	2014	7	23	0
	13463	242.248013	20.819645	9.849191e+04	2.063623e+01	1.118696e-03	2014	7	23	6
	13580	240.747732	21.913430	9.836104e+04	2.488736e+01	8.775733e-04	2014	7	23	18
	13578	237.747277	22.641886	9.864255e+04	2.106485e+01	2.987021e-05	2014	7	24	6
	13693	236.246803	23.630177	9.866145e+04	1.903694e+01	2.096774e-05	2014	7	24	12
	13694	234.746436	24.579585	9.910676e+04	1.882364e+01	1.105645e-05	2014	7	24	18
	13809	233.245886	25.490341	9.939316e+04	1.570905e+01	5.600558e-06	2014	7	25	6
start	16	2014	10	24	0
	6095	116.251033	15.563139	9.955382e+04	1.756311e+01	2.318847e-01	2014	10	24	0
	6216	117.751303	16.722598	9.905826e+04	1.806167e+01	3.445784e+00	2014	10	24	18
	6218	117.751516	18.082954	9.904017e+04	2.192402e+01	2.680756e+00	2014	10	25	0
	6218	117.751516	18.082954	9.853240e+04	2.309426e+01	2.680756e+00	2014	10	25	6
	6218	117.751516	18.082954	9.845133e+04	2.361386e+01	2.680756e+00	2014	10	25	12
	6218	117.751516	18.082954	9.832959e+04	2.419655e+01	2.680756e+00	2014	10	25	18
	6219	119.251532	17.844181	9.811361e+04	2.507675e+01	6.434005e+01	2014	10	26	0
	6340	120.751867	18.927383	9.741487e+04	3.034364e+01	8.257496e+01	2014	10	26	6
	6342	120.752130	20.267809	9.772659e+04	3.315227e+01	1.360997e+01	2014	10	26	12
	6343	122.252146	19.971108	9.774322e+04	2.306435e+01	9.973154e+00	2014	10	26	18
	6461	122.252427	21.302633	9.760988e+04	2.551451e+01	2.184892e+01	2014	10	27	0
	6466	123.752865	22.298029	9.758452e+04	2.257489e+01	2.572164e+01	2014	10	27	6
	6587	125.253564	24.579585	9.829051e+04	2.549777e+01	2.524986e+00	2014	10	27	12
	6708	126.754114	25.490341	9.827360e+04	2.721690e+01	4.179425e-01	2014	10	27	18
	6952	129.756136	29.865023	9.832077e+04	2.510583e+01	6.347486e+00	2014	10	28	6
	7076	132.757470	31.418106	9.861662e+04	2.586307e+01	4.150019e+01	2014	10	28	12
start	13	2014	11	15	12
	8580	180.750025	-11.249064	9.836260e+04	2.477183e+01	1.033953e-02	2014	11	15	12
	8466	183.750107	-12.723620	9.681813e+04	2.941075e+01	4.032882e-02	2014	11	16	0
	8467	185.250119	-12.698306	9.653531e+04	3.279161e+01	4.178790e-01	2014	11	16	6
	8465	185.250148	-14.192697	9.652981e+04	3.043671e+01	8.722739e-01	2014	11	16	12
	8350	186.750273	-15.646296	9.637799e+04	2.660504e+01	1.475329e+00	2014	11	16	18
	8348	186.750326	-17.137562	9.618173e+04	3.899820e+01	5.620378e-02	2014	11	17	0
	8229	188.250473	-20.057396	9.588155e+04	2.763461e+01	1.201864e-02	2014	11	17	12
	8114	189.750712	-21.464859	9.621259e+04	3.899061e+01	7.730296e-03	2014	11	17	18
	8114	189.750712	-21.464859	9.653258e+04	3.177241e+01	7.730296e-03	2014	11	18	0
	8113	191.250846	-22.849857	9.676825e+04	2.750753e+01	4.753931e-04	2014	11	18	6
	8113	191.250846	-22.849857	9.717968e+04	2.406125e+01	4.753931e-04	2014	11	18	12
	7998	192.751164	-24.210996	9.740630e+04	2.436869e+01	1.180022e-05	2014	11	18	18
	8000	195.751574	-25.391109	9.786756e+04	2.227484e+01	3.277789e-05	2014	11	19	6
start	15	2014	12	9	6
	9178	177.749992	5.245980	9.942834e+04	1.746716e+01	4.116348e-07	2014	12	9	6
	9175	176.249981	5.238833	9.903280e+04	2.341735e+01	5.875535e-06	2014	12	9	18
	9174	174.749979	5.228119	9.907272e+04	2.079379e+01	7.820220e-05	2014	12	10	6
	9174	174.749979	5.228119	9.911168e+04	2.384444e+01	7.820220e-05	2014	12	10	12
	9171	173.249968	5.213845	9.887195e+04	2.223147e+01	2.980792e-04	2014	12	10	18
	9288	171.749944	6.680857	9.887113e+04	2.413444e+01	1.330681e-03	2014	12	11	12
	9287	170.249892	8.132553	9.847611e+04	2.422790e+01	4.559990e-04	2014	12	11	18
	9404	168.749843	9.566341	9.845617e+04	3.205809e+01	2.281257e-04	2014	12	12	0
	9401	167.249809	9.514277	9.800525e+04	3.286302e+01	2.498781e-04	2014	12	12	6
	9400	165.749802	9.455800	9.827440e+04	3.534336e+01	3.320489e-04	2014	12	12	12
	9398	162.749687	10.756486	9.853381e+04	3.046913e+01	1.630054e-04	2014	12	13	0
	9395	161.249646	10.667545	9.805802e+04	3.419345e+01	1.289429e-04	2014	12	13	6
	9508	156.749481	11.745471	9.785776e+04	3.336306e+01	3.451068e-04	2014	12	13	18
	9505	155.249438	11.613181	9.817684e+04	2.845426e+01	1.228219e-04	2014	12	14	0
	9503	152.249241	12.668450	9.843666e+04	2.543104e+01	2.913794e-05	2014	12	14	6
start	10	2014	12	12	0
	8218	177.749907	-18.736570	9.855672e+04	2.392742e+01	1.427910e+01	2014	12	12	0
	8218	177.749907	-18.736570	9.850986e+04	2.219635e+01	1.427910e+01	2014	12	12	6
	8216	177.749892	-20.235671	9.836359e+04	2.398424e+01	2.378201e+00	2014	12	12	12
	7982	180.750113	-24.748140	9.833312e+04	1.677383e+01	7.849745e-04	2014	12	13	6
	7982	180.750113	-24.748140	9.810059e+04	1.929559e+01	7.849745e-04	2014	12	13	12
	7984	183.750426	-26.201360	9.806540e+04	2.488865e+01	3.363048e-03	2014	12	14	0
	7869	188.250943	-28.996799	9.796888e+04	2.351380e+01	8.768244e-06	2014	12	15	0
	7872	189.751241	-28.896241	9.778645e+04	2.206823e+01	3.025485e-07	2014	12	15	6
	7872	189.751241	-28.896241	9.764228e+04	2.459718e+01	3.025485e-07	2014	12	15	12
	7758	192.751743	-30.125679	9.764202e+04	2.282767e+01	8.830365e-12	2014	12	16	0
start	14	2014	12	30	0
	8417	149.249191	-12.313843	9.928917e+04	2.113282e+01	1.185785e+01	2014	12	30	0
	8417	149.249191	-12.313843	9.852891e+04	3.003073e+01	1.185785e+01	2014	12	30	6
	8299	149.249013	-13.626193	9.789335e+04	3.012347e+01	6.653026e-01	2014	12	30	18
	8299	149.249013	-13.626193	9.790136e+04	2.844751e+01	6.653026e-01	2014	12	31	0
	8297	149.248819	-14.943105	9.801536e+04	2.884539e+01	4.248108e-01	2014	12	31	6
	8300	150.748882	-15.160150	9.829584e+04	2.629003e+01	4.310860e-02	2014	12	31	18
	8300	150.748882	-15.160150	9.853345e+04	2.354656e+01	4.310860e-02	2015	1	1	0
	8303	152.249076	-14.015714	9.832880e+04	2.762955e+01	1.234382e-01	2015	1	1	6
	8306	153.749136	-14.196235	9.862183e+04	2.968886e+01	8.299071e-02	2015	1	1	12
	8307	155.249148	-14.367144	9.866773e+04	2.368905e+01	3.469019e-02	2015	1	2	0
	8310	156.749215	-14.528376	9.841591e+04	2.735940e+01	1.247478e-02	2015	1	2	6
	8312	159.749166	-16.242545	9.828943e+04	2.448417e+01	6.628508e-03	2015	1	2	18
	8312	159.749166	-16.242545	9.788256e+04	2.650311e+01	6.628508e-03	2015	1	3	6
	8194	159.749019	-17.666230	9.794373e+04	2.638914e+01	1.966691e-03	2015	1	3	18
start	10	2015	1	24	0
	8206	168.749439	-18.414552	9.854753e+04	2.400822e+01	5.401483e+00	2015	1	24	0
	8086	168.749255	-21.370434	9.883112e+04	1.784087e+01	8.076464e+00	2015	1	24	12
	8083	167.249090	-21.262544	9.863929e+04	1.479084e+01	2.484060e+01	2015	1	24	18
	8081	167.248966	-22.736066	9.878980e+04	1.462850e+01	2.255018e+01	2015	1	25	0
	8081	167.248966	-22.736066	9.864188e+04	2.139371e+01	2.255018e+01	2015	1	25	6
	7963	167.248836	-24.210996	9.882024e+04	1.922496e+01	6.297014e+00	2015	1	25	12
	7846	168.748822	-27.294838	9.901525e+04	1.411127e+01	1.482148e-02	2015	1	26	0
	7730	171.748967	-30.488964	9.902240e+04	1.169838e+01	1.844462e-02	2015	1	26	12
	7732	174.749307	-32.141485	9.896925e+04	1.897178e+01	3.587055e-01	2015	1	27	0
	7616	177.749701	-35.229196	9.895907e+04	1.800521e+01	8.981733e+00	2015	1	27	12
start	13	2015	2	3	18
	8348	186.750326	-17.137562	9.953391e+04	1.835086e+01	5.620378e-02	2015	2	3	18
	8230	186.750382	-18.629145	9.909016e+04	1.385760e+01	3.103773e-02	2015	2	4	0
	8230	186.750382	-18.629145	9.903447e+04	1.461337e+01	3.103773e-02	2015	2	4	6
	8229	188.250473	-20.057396	9.861156e+04	1.860464e+01	1.201864e-02	2015	2	4	18
	8229	188.250473	-20.057396	9.829760e+04	2.362296e+01	1.201864e-02	2015	2	5	0
	8114	189.750712	-21.464859	9.788623e+04	3.104757e+01	7.730296e-03	2015	2	5	6
	8114	189.750712	-21.464859	9.754391e+04	3.148002e+01	7.730296e-03	2015	2	5	12
	8113	191.250846	-22.849857	9.754852e+04	2.636467e+01	4.753931e-04	2015	2	6	0
	7998	192.751164	-24.210996	9.756923e+04	2.661113e+01	1.180022e-05	2015	2	6	12
	7886	198.752038	-26.483657	9.809061e+04	2.661762e+01	4.099900e-05	2015	2	7	6
	7887	200.252080	-26.272394	9.785354e+04	2.569711e+01	1.101017e-04	2015	2	7	12
	7773	206.253461	-29.506706	9.740223e+04	1.820031e+01	7.859373e-07	2015	2	8	0
	7658	207.754081	-30.599183	9.734473e+04	2.087575e+01	7.701305e-07	2015	2	8	6
start	12	2015	2	14	12
	9147	155.249900	4.770473	1.000951e+05	2.100632e+01	3.112273e-02	2015	2	14	12
	9146	153.749899	4.711581	9.970880e+04	1.941184e+01	4.095240e-03	2015	2	14	18
	9143	152.249892	4.649466	9.911902e+04	2.697469e+01	4.425657e-03	2015	2	15	6
	9142	150.749891	4.584166	9.937838e+04	2.244030e+01	2.785401e-03	2015	2	15	12
	9257	149.249814	5.808829	9.897102e+04	2.491313e+01	2.784016e-03	2015	2	15	18
	9376	147.749614	8.269720	9.912597e+04	2.217783e+01	4.430571e-04	2015	2	16	6
	9374	144.749464	9.227985	9.930008e+04	1.934132e+01	6.561425e-04	2015	2	16	18
	9492	144.749313	10.471188	9.951616e+04	1.675600e+01	1.156057e-02	2015	2	17	0
	9491	143.249115	11.504116	9.925223e+04	2.219959e+01	5.866740e-02	2015	2	17	6
	9490	141.749111	11.281361	9.892655e+04	2.379253e+01	5.774795e-03	2015	2	17	18
	9605	140.248890	12.236841	9.920431e+04	2.337350e+01	2.002851e-03	2015	2	18	0
	9605	140.248890	12.236841	9.902897e+04	2.426866e+01	2.002851e-03	2015	2	18	6
start	14	2015	3	24	6
	4530	111.751449	-20.333745	9.922416e+04	2.081076e+01	1.337099e-01	2015	3	24	6
	4530	111.751449	-20.333745	9.939809e+04	1.792386e+01	1.337099e-01	2015	3	24	12
	4530	111.751449	-20.333745	9.928891e+04	2.314465e+01	1.337099e-01	2015	3	24	18
	4530	111.751449	-20.333745	9.930710e+04	2.038547e+01	1.337099e-01	2015	3	25	0
	4528	111.751648	-21.755547	9.921612e+04	2.118679e+01	9.535289e-01	2015	3	25	6
	4528	111.751648	-21.755547	9.930110e+04	1.838710e+01	9.535289e-01	2015	3	25	12
	4528	111.751648	-21.755547	9.903052e+04	2.193816e+01	9.535289e-01	2015	3	25	18
	4528	111.751648	-21.755547	9.889165e+04	2.555137e+01	9.535289e-01	2015	3	26	0
	4410	111.751859	-23.181241	9.849242e+04	2.580713e+01	2.868018e+00	2015	3	26	6
	4410	111.751859	-23.181241	9.873201e+04	2.461098e+01	2.868018e+00	2015	3	26	12
	4407	110.251675	-23.390180	9.887754e+04	2.212152e+01	2.555729e-01	2015	3	26	18
	4408	111.752081	-24.610825	9.905938e+04	2.263148e+01	4.431213e+00	2015	3	27	0
	4290	111.752313	-26.044694	9.903531e+04	1.921721e+01	2.340059e+00	2015	3	27	6
	4290	111.752313	-26.044694	9.936409e+04	2.057256e+01	2.340059e+00	2015	3	27	12
start	14	2015	4	26	6
	9504	153.749430	11.473021	9.902730e+04	2.904144e+01	5.318704e-05	2015	4	26	6
	9505	155.249438	11.613181	9.888219e+04	2.827944e+01	1.228219e-04	2015	4	26	12
	9507	155.249300	12.988565	9.847890e+04	2.768045e+01	1.518548e-05	2015	4	26	18
	9744	153.748784	16.934240	9.812888e+04	2.622107e+01	6.527335e-07	2015	4	27	18
	9744	153.748784	16.934240	9.791702e+04	3.253400e+01	6.527335e-07	2015	4	28	0
	9746	153.748586	18.309540	9.784755e+04	3.119388e+01	1.263577e-06	2015	4	28	6
	9861	152.248256	19.448637	9.780334e+04	2.509733e+01	1.541929e-05	2015	4	28	12
	9863	152.248013	20.819645	9.736405e+04	2.797189e+01	1.225208e-05	2015	4	28	18
	9981	152.247755	22.196668	9.760830e+04	3.421922e+01	8.616182e-06	2015	4	29	0
	9983	152.247482	23.579704	9.780536e+04	2.740342e+01	1.377355e-05	2015	4	29	6
	9986	153.747661	23.861019	9.851743e+04	2.457867e+01	4.454087e-05	2015	4	29	12
	10104	153.747398	25.262968	9.861310e+04	1.840986e+01	2.615624e-05	2015	4	29	18
	10106	153.747123	26.670960	9.918508e+04	1.728957e+01	3.625819e-06	2015	4	30	0
	10225	155.246875	28.383529	9.963740e+04	1.836450e+01	9.670171e-08	2015	4	30	12
start	18	2015	5	27	6
	8570	171.749886	-9.651113	9.998516e+04	1.855337e+01	4.745313e-04	2015	5	27	6
	8570	171.749886	-9.651113	9.986599e+04	2.005523e+01	4.745313e-04	2015	5	27	12
	8688	171.749918	-8.165861	9.964659e+04	2.014403e+01	9.426669e-05	2015	5	27	18
	8689	173.249923	-8.193648	9.939072e+04	1.913836e+01	1.233641e-05	2015	5	28	6
	8689	173.249923	-8.193648	9.934277e+04	2.163942e+01	1.233641e-05	2015	5	28	12
	8689	173.249923	-8.193648	9.924063e+04	2.187964e+01	1.233641e-05	2015	5	28	18
	8571	173.249893	-9.683772	9.912170e+04	2.386461e+01	5.411948e-05	2015	5	29	0
	8571	173.249893	-9.683772	9.893817e+04	2.625539e+01	5.411948e-05	2015	5	29	6
	8568	171.749849	-11.136611	9.926075e+04	2.563644e+01	2.503398e-03	2015	5	30	0
	8568	171.749849	-11.136611	9.892487e+04	2.636857e+01	2.503398e-03	2015	5	30	6
	8450	171.749807	-12.622435	9.883409e+04	2.593973e+01	6.383974e-03	2015	5	30	18
	8450	171.749807	-12.622435	9.867477e+04	2.563935e+01	6.383974e-03	2015	5	31	0
	8450	171.749807	-12.622435	9.876234e+04	2.249503e+01	6.383974e-03	2015	5	31	6
	8449	173.249775	-14.155299	9.880321e+04	2.432327e+01	6.041593e-03	2015	5	31	18
	8449	173.249775	-14.155299	9.889626e+04	2.414180e+01	6.041593e-03	2015	6	1	0
	8334	174.749820	-15.687252	9.914925e+04	1.904827e+01	1.479042e-01	2015	6	1	6
	8334	174.749820	-15.687252	9.921688e+04	1.506114e+01	1.479042e-01	2015	6	1	12
	8334	174.749820	-15.687252	9.953562e+04	1.531509e+01	1.479042e-01	2015	6	1	18
start	21	2015	6	28	6
	9739	149.248378	17.593268	1.000720e+05	1.977797e+01	2.326756e-03	2015	6	28	6
	9738	147.748365	17.330323	1.001921e+05	1.839329e+01	4.538668e-02	2015	6	28	12
	9853	146.248027	18.354361	9.982784e+04	1.843238e+01	1.393579e-01	2015	6	28	18
	9853	146.248027	18.354361	9.970814e+04	2.236997e+01	1.393579e-01	2015	6	29	0
	9854	144.747736	19.336437	9.982036e+04	1.795062e+01	5.243707e-02	2015	6	29	12
	9968	141.747326	19.905359	9.943540e+04	2.441339e+01	4.981625e-04	2015	6	30	12
	9966	138.746894	20.346666	9.929177e+04	2.185741e+01	3.160275e-05	2015	7	1	0
	9966	138.746894	20.346666	9.875438e+04	2.501711e+01	3.160275e-05	2015	7	1	6
	9963	137.246824	19.910463	9.849063e+04	2.767296e+01	3.243835e-06	2015	7	1	12
	10080	135.746445	20.653904	9.740652e+04	3.255142e+01	5.242770e-06	2015	7	2	0
	6598	132.753965	22.358415	9.678126e+04	3.186972e+01	3.635772e-04	2015	7	2	18
	6595	131.253865	22.837355	9.634646e+04	3.181672e+01	2.608537e-03	2015	7	3	0
	6594	129.753863	23.298957	9.620359e+04	3.429110e+01	1.385001e-02	2015	7	3	6
	6712	129.754275	24.583801	9.610238e+04	3.830417e+01	1.076248e-01	2015	7	3	12
	6709	128.254124	25.046302	9.569192e+04	3.428835e+01	4.875891e-01	2015	7	3	18
	6711	128.254534	26.361868	9.624790e+04	2.923428e+01	1.496002e+00	2015	7	4	0
	6828	126.754954	28.167196	9.643063e+04	2.835540e+01	6.301671e-01	2015	7	4	6
	6825	125.254719	28.622895	9.694968e+04	2.172050e+01	9.466913e-01	2015	7	4	12
	6945	125.255568	31.378731	9.713145e+04	2.490084e+01	7.372824e-01	2015	7	4	18
	6946	123.755997	33.246793	9.780314e+04	1.533174e+01	9.859113e-01	2015	7	5	6
	7064	123.756458	34.667759	9.819217e+04	2.045982e+01	1.907589e+00	2015	7	5	12
start	19	2015	7	10	6
	9750	156.748717	18.725826	9.880925e+04	2.334918e+01	1.614039e-08	2015	7	10	6
	9866	153.748150	21.074668	9.795399e+04	2.143627e+01	5.690313e-06	2015	7	11	0
	9985	155.247939	22.718691	9.663399e+04	2.756608e+01	1.424420e-05	2015	7	11	18
	9987	155.247691	24.126628	9.615404e+04	2.806043e+01	2.462229e-05	2015	7	12	0
	10105	155.247431	25.540001	9.609777e+04	2.551373e+01	1.230791e-05	2015	7	12	12
	10226	153.746539	29.506706	9.620609e+04	3.338496e+01	2.428705e-08	2015	7	13	0
	10344	153.746232	30.934958	9.619567e+04	2.595202e+01	2.092999e-10	2015	7	13	6
	10343	152.245569	32.025831	9.614496e+04	2.263849e+01	0.000000e+00	2015	7	13	12
	10461	152.245209	33.460842	9.610408e+04	1.760989e+01	0.000000e+00	2015	7	13	18
	10581	152.244458	36.356403	9.645155e+04	2.499010e+01	1.335670e-05	2015	7	14	0
	10700	150.743623	38.889256	9.669562e+04	2.085726e+01	2.398407e-03	2015	7	14	6
	10702	150.743217	40.364841	9.687191e+04	2.044776e+01	1.787389e-02	2015	7	14	12
	21576	150.349696	43.229372	9.769942e+04	1.545784e+01	2.124520e+00	2015	7	15	0
	21454	152.266596	45.262089	9.789568e+04	1.254613e+01	1.770817e+00	2015	7	15	6
	21445	156.075820	47.700204	9.826180e+04	1.389202e+01	1.699655e+00	2015	7	15	18
	21441	159.524023	48.400555	9.834261e+04	1.492954e+01	1.278427e+00	2015	7	16	0
	21437	163.016465	48.988332	9.823002e+04	1.448202e+01	2.055351e-01	2015	7	16	6
	21433	166.547071	49.463840	9.808210e+04	1.365967e+01	2.876110e-02	2015	7	16	12
	21429	170.108892	49.827296	9.780280e+04	1.588475e+01	3.639562e-02	2015	7	16	18
start	12	2015	10	4	0
	10080	135.746445	20.653904	9.649746e+04	3.262469e+01	5.242770e-06	2015	10	4	0
	10080	135.746445	20.653904	9.597047e+04	3.419670e+01	5.242770e-06	2015	10	4	6
	6599	134.253960	21.862273	9.603755e+04	2.924855e+01	7.313796e-05	2015	10	4	12
	6599	134.253960	21.862273	9.543810e+04	3.308039e+01	7.313796e-05	2015	10	4	18
	6716	132.754395	23.603627	9.526939e+04	3.423642e+01	2.024235e-03	2015	10	5	6
	6716	132.754395	23.603627	9.575879e+04	3.537864e+01	2.024235e-03	2015	10	5	12
	6718	132.754848	24.863520	9.560015e+04	3.092809e+01	1.752741e-02	2015	10	5	18
	6959	134.256877	29.457418	9.579852e+04	2.744049e+01	9.262081e-01	2015	10	6	18
	10566	138.742266	33.402747	9.633488e+04	2.928450e+01	4.215913e+01	2015	10	7	6
	10685	140.241676	35.405599	9.682391e+04	1.202131e+01	1.399511e+02	2015	10	7	12
	10691	143.241552	37.976792	9.670135e+04	2.064057e+01	2.099459e+01	2015	10	7	18
	21583	147.066173	40.742235	9.639166e+04	2.183596e+01	1.619319e+00	2015	10	8	0
start	17	2015	12	14	0
	4965	80.249802	-11.091712	9.935709e+04	2.366109e+01	2.074139e-09	2015	12	14	0
	4965	80.249802	-11.091712	9.937759e+04	2.133110e+01	2.074139e-09	2015	12	14	6
	4850	81.749807	-12.622435	9.901299e+04	1.994690e+01	1.356130e-14	2015	12	14	12
	4850	81.749807	-12.622435	9.869797e+04	1.858660e+01	1.356130e-14	2015	12	14	18
	4850	81.749807	-12.622435	9.838231e+04	1.803074e+01	1.356130e-14	2015	12	15	0
	4848	81.749760	-14.108583	9.812039e+04	3.509922e+01	1.489026e-14	2015	12	15	6
	4727	80.249618	-15.533777	9.769865e+04	2.705710e+01	3.586505e-14	2015	12	15	12
	4724	78.749523	-16.937972	9.786317e+04	3.210000e+01	0.000000e+00	2015	12	16	0
	4603	77.249316	-18.319283	9.806752e+04	2.781643e+01	0.000000e+00	2015	12	16	6
	4601	77.249206	-19.790282	9.810682e+04	2.396206e+01	0.000000e+00	2015	12	16	12
	4482	75.749059	-21.141225	9.858581e+04	2.261296e+01	0.000000e+00	2015	12	16	18
	4482	75.749059	-21.141225	9.844942e+04	2.386415e+01	0.000000e+00	2015	12	17	0
	4480	75.748931	-22.608086	9.866008e+04	2.217999e+01	0.000000e+00	2015	12	17	6
	4362	75.748797	-24.076694	9.869221e+04	2.135396e+01	0.000000e+00	2015	12	17	12
	4362	75.748797	-24.076694	9.887894e+04	1.997436e+01	0.000000e+00	2015	12	17	18
	4360	75.748656	-25.547047	9.870817e+04	1.891447e+01	0.000000e+00	2015	12	18	0
	4241	77.248410	-28.644615	9.854592e+04	2.093455e+01	0.000000e+00	2015	12	18	12
start	26	2015	12	31	18
	8616	207.750476	-9.984782	1.001063e+05	1.660447e+01	1.438750e-05	2015	12	31	18
	8495	206.250570	-11.473021	9.977590e+04	1.934972e+01	3.973703e-05	2016	1	1	18
	8495	206.250570	-11.473021	9.926525e+04	2.060923e+01	3.973703e-05	2016	1	2	0
	8493	206.250710	-12.832862	9.876419e+04	2.211591e+01	2.758980e-04	2016	1	2	6
	8493	206.250710	-12.832862	9.869954e+04	2.139015e+01	2.758980e-04	2016	1	3	0
	8493	206.250710	-12.832862	9.866677e+04	2.073013e+01	2.758980e-04	2016	1	3	6
	8493	206.250710	-12.832862	9.815875e+04	2.160523e+01	2.758980e-04	2016	1	3	12
	8375	206.250864	-14.196235	9.746369e+04	3.460755e+01	4.445673e-03	2016	1	3	18
	8375	206.250864	-14.196235	9.645316e+04	3.108707e+01	4.445673e-03	2016	1	4	0
	8375	206.250864	-14.196235	9.652305e+04	3.621458e+01	4.445673e-03	2016	1	4	6
	8373	206.251033	-15.563139	9.630996e+04	3.136111e+01	3.992151e-02	2016	1	4	12
	8373	206.251033	-15.563139	9.635331e+04	3.779706e+01	3.992151e-02	2016	1	4	18
	8376	207.751106	-15.366851	9.594339e+04	3.821537e+01	1.813064e-01	2016	1	5	0
	8376	207.751106	-15.366851	9.649042e+04	3.838023e+01	1.813064e-01	2016	1	5	6
	8259	209.251317	-16.499652	9.629399e+04	3.441145e+01	1.781968e+00	2016	1	5	12
	8257	209.251532	-17.844181	9.670052e+04	2.968404e+01	2.491932e+00	2016	1	5	18
	8257	209.251532	-17.844181	9.681770e+04	3.116939e+01	2.491932e+00	2016	1	6	0
	8142	210.751867	-18.927383	9.708778e+04	3.556353e+01	2.096898e+00	2016	1	6	6
	8142	210.751867	-18.927383	9.688883e+04	2.969205e+01	2.096898e+00	2016	1	6	12
	8140	210.752130	-20.267809	9.725275e+04	2.805975e+01	2.401035e-01	2016	1	6	18
	8023	212.252427	-21.302633	9.727038e+04	2.419142e+01	2.350898e-02	2016	1	7	6
	8021	212.252723	-22.641886	9.701591e+04	2.393173e+01	3.567960e-02	2016	1	7	12
	7906	213.753197	-23.630177	9.758485e+04	2.373491e+01	1.284333e-02	2016	1	8	0
	7904	213.753548	-24.971611	9.778355e+04	2.137725e+01	1.043837e-02	2016	1	8	6
	7788	216.754525	-26.822335	9.806023e+04	1.753466e+01	3.650162e-02	2016	1	9	0
	7669	218.255410	-29.034193	9.876734e+04	1.360343e+01	1.293178e-03	2016	1	10	0
start	16	2016	2	10	18
	8588	186.750142	-11.174062	9.969384e+04	2.336042e+01	8.852521e-01	2016	2	10	18
	8470	186.750181	-12.664571	9.923133e+04	2.090343e+01	2.900499e+00	2016	2	11	0
	8470	186.750181	-12.664571	9.885080e+04	2.134641e+01	2.900499e+00	2016	2	11	6
	8468	186.750225	-14.155299	9.871267e+04	2.487209e+01	5.652064e+00	2016	2	11	12
	8465	185.250148	-14.192697	9.813780e+04	3.023633e+01	8.722739e-01	2016	2	11	18
	8468	186.750225	-14.155299	9.831528e+04	3.008920e+01	5.652064e+00	2016	2	12	0
	8350	186.750273	-15.646296	9.838756e+04	2.064613e+01	1.475329e+00	2016	2	12	6
	8350	186.750273	-15.646296	9.846168e+04	1.714992e+01	1.475329e+00	2016	2	12	12
	8348	186.750326	-17.137562	9.840008e+04	2.838551e+01	5.620378e-02	2016	2	12	18
	8229	188.250473	-20.057396	9.799986e+04	2.474144e+01	1.201864e-02	2016	2	13	12
	8229	188.250473	-20.057396	9.830255e+04	2.082643e+01	1.201864e-02	2016	2	13	18
	8111	188.250542	-21.545825	9.847480e+04	1.911600e+01	4.159241e-03	2016	2	14	0
	8109	188.250615	-23.034792	9.882727e+04	1.368661e+01	8.138145e-04	2016	2	14	12
	7991	188.250692	-24.524357	9.884295e+04	1.442723e+01	3.505518e-04	2016	2	14	18
	7989	188.250772	-26.014519	9.884573e+04	1.426686e+01	4.956263e-05	2016	2	15	0
	7871	188.250856	-27.505333	9.924669e+04	1.079942e+01	8.219537e-06	2016	2	15	12
start	11	2016	2	17	0
	4736	87.749921	-17.237504	9.839370e+04	2.635851e+01	0.000000e+00	2016	2	17	0
	4618	87.749907	-18.736570	9.818502e+04	1.846976e+01	0.000000e+00	2016	2	17	6
	4615	86.249775	-18.712690	9.807889e+04	2.415719e+01	0.000000e+00	2016	2	17	12
	4612	84.749708	-20.171983	9.770140e+04	3.169407e+01	0.000000e+00	2016	2	18	0
	4609	83.249557	-20.121045	9.753192e+04	2.478105e+01	0.000000e+00	2016	2	18	6
	4490	81.749458	-21.545825	9.737200e+04	3.212566e+01	0.000000e+00	2016	2	18	18
	4487	80.249288	-21.464859	9.678106e+04	3.532178e+01	0.000000e+00	2016	2	19	0
	4487	80.249288	-21.464859	9.719158e+04	3.145971e+01	0.000000e+00	2016	2	19	6
	4484	78.749154	-22.849857	9.774165e+04	2.865970e+01	0.000000e+00	2016	2	19	18
	4362	75.748797	-24.076694	9.827688e+04	2.391922e+01	0.000000e+00	2016	2	20	6
	4239	74.248253	-26.857091	9.881181e+04	2.003469e+01	0.000000e+00	2016	2	21	0
start	16	2016	3	5	0
	8182	150.748683	-16.499652	9.943661e+04	1.858542e+01	1.110660e-01	2016	3	5	0
	8181	152.248484	-18.082954	9.881026e+04	2.059250e+01	3.658979e-02	2016	3	5	6
	8184	153.748586	-18.309540	9.869278e+04	2.439039e+01	3.749318e-03	2016	3	5	12
	8067	155.248396	-19.917572	9.847755e+04	2.192448e+01	4.147787e-03	2016	3	5	18
	8067	155.248396	-19.917572	9.819285e+04	2.195747e+01	4.147787e-03	2016	3	6	0
	8069	158.248352	-21.755547	9.790754e+04	3.510946e+01	4.272828e-03	2016	3	6	12
	7951	158.248141	-23.181241	9.736203e+04	2.622965e+01	2.978444e-03	2016	3	6	18
	7949	158.247919	-24.610825	9.746430e+04	2.614403e+01	6.451959e-03	2016	3	7	0
	7949	158.247919	-24.610825	9.755442e+04	2.639321e+01	6.451959e-03	2016	3	7	6
	7828	156.747403	-27.229448	9.828199e+04	1.831313e+01	7.975969e-01	2016	3	8	0
	7828	156.747403	-27.229448	9.833166e+04	1.764853e+01	7.975969e-01	2016	3	8	6
	7825	155.247159	-26.958808	9.871920e+04	1.679701e+01	6.721098e+00	2016	3	8	12
	7824	153.747123	-26.670960	9.915234e+04	1.245678e+01	7.320813e+01	2016	3	9	0
	7824	153.747123	-26.670960	9.910286e+04	1.266091e+01	7.320813e+01	2016	3	9	6
	7697	149.245962	-28.470979	9.947518e+04	9.756096e+00	2.508750e+02	2016	3	10	0
	7578	147.745564	-29.473461	9.939952e+04	8.886760e+00	1.775848e+02	2016	3	10	6
start	13	2016	4	6	6
	8471	188.250193	-12.622435	9.996704e+04	1.215522e+01	5.494788e+00	2016	4	6	6
	8471	188.250193	-12.622435	9.968270e+04	1.624017e+01	5.494788e+00	2016	4	6	12
	8471	188.250193	-12.622435	9.952166e+04	1.883830e+01	5.494788e+00	2016	4	6	18
	8471	188.250193	-12.622435	9.918405e+04	2.071646e+01	5.494788e+00	2016	4	7	0
	8471	188.250193	-12.622435	9.882375e+04	2.296474e+01	5.494788e+00	2016	4	7	6
	8471	188.250193	-12.622435	9.845629e+04	3.142375e+01	5.494788e+00	2016	4	7	12
	8469	188.250240	-14.108583	9.856157e+04	2.695222e+01	1.034409e+01	2016	4	7	18
	8350	186.750273	-15.646296	9.844648e+04	1.948421e+01	1.475329e+00	2016	4	8	12
	8348	186.750326	-17.137562	9.825711e+04	2.286881e+01	5.620378e-02	2016	4	9	0
	8230	186.750382	-18.629145	9.826733e+04	2.438829e+01	3.103773e-02	2016	4	9	6
	8230	186.750382	-18.629145	9.825537e+04	2.311671e+01	3.103773e-02	2016	4	9	12
	8111	188.250542	-21.545825	9.788627e+04	2.484760e+01	4.159241e-03	2016	4	10	0
	8111	188.250542	-21.545825	9.803907e+04	2.418284e+01	4.159241e-03	2016	4	10	6
start	16	2016	5	4	6
	5714	99.750108	8.132553	1.000990e+05	7.346574e+00	4.823868e+01	2016	5	4	6
	5714	99.750108	8.132553	9.994340e+04	9.913072e+00	4.823868e+01	2016	5	4	12
	5829	98.250114	9.651113	9.981656e+04	1.581322e+01	3.831487e+01	2016	5	4	18
	5829	98.250114	9.651113	9.959847e+04	1.738770e+01	3.831487e+01	2016	5	5	0
	5829	98.250114	9.651113	9.961355e+04	1.961329e+01	3.831487e+01	2016	5	5	6
	5831	98.250151	11.136611	9.961497e+04	2.270201e+01	4.254722e+01	2016	5	5	12
	5830	96.750142	11.174062	9.969009e+04	2.135475e+01	9.421080e+00	2016	5	6	0
	5948	96.750181	12.664571	9.929688e+04	2.563395e+01	1.802121e+01	2016	5	6	6
	5948	96.750181	12.664571	9.900138e+04	2.587488e+01	1.802121e+01	2016	5	6	12
	5945	95.250119	12.698306	9.912624e+04	2.066596e+01	2.154860e+00	2016	5	6	18
	5948	96.750181	12.664571	9.881779e+04	2.892637e+01	1.802121e+01	2016	5	7	0
	5950	96.750225	14.155299	9.923206e+04	1.935583e+01	4.241656e+01	2016	5	7	18
	6068	96.750273	15.646296	9.915860e+04	1.847316e+01	6.446055e+01	2016	5	8	0
	6068	96.750273	15.646296	9.920175e+04	2.089596e+01	6.446055e+01	2016	5	8	6
	6070	96.750326	17.137562	9.945016e+04	7.379434e+00	1.589533e+02	2016	5	8	18
	6070	96.750326	17.137562	9.943375e+04	1.053014e+01	1.589533e+02	2016	5	9	0
start	16	2016	10	31	6
	9505	155.249438	11.613181	9.905037e+04	2.468209e+01	1.228219e-04	2016	10	31	6
	9506	153.749290	12.832862	9.864323e+04	3.209290e+01	5.581477e-06	2016	10	31	18
	9503	152.249241	12.668450	9.829952e+04	3.127531e+01	2.913794e-05	2016	11	1	0
	9620	150.749066	13.825675	9.754537e+04	3.226705e+01	3.260150e-04	2016	11	1	6
	9619	149.248819	14.943105	9.759712e+04	3.298693e+01	8.047999e-03	2016	11	1	12
	9736	147.748596	16.020142	9.671753e+04	3.430976e+01	6.042169e-02	2016	11	2	0
	9735	146.248288	17.055412	9.691066e+04	3.356583e+01	1.551538e-01	2016	11	2	6
	9853	146.248027	18.354361	9.655464e+04	2.541649e+01	1.393579e-01	2016	11	2	12
	9973	146.247451	20.975168	9.629564e+04	3.210484e+01	2.275073e-02	2016	11	3	0
	9978	147.747277	22.641886	9.596254e+04	4.062052e+01	7.085227e-04	2016	11	3	6
	10099	149.246659	25.703465	9.589330e+04	2.981530e+01	2.371580e-06	2016	11	3	12
	10220	150.746551	27.435268	9.536105e+04	3.553980e+01	5.233410e-07	2016	11	3	18
	10341	152.245919	30.599183	9.517030e+04	3.526877e+01	0.000000e+00	2016	11	4	0
	10465	155.245640	34.144519	9.496510e+04	3.354927e+01	1.423148e-11	2016	11	4	6
	10591	158.245204	39.165498	9.535250e+04	2.969028e+01	2.311896e-07	2016	11	4	12
	10718	162.745889	42.933961	9.505555e+04	2.499497e+01	3.143852e-06	2016	11	4	18
start	15	2016	11	2	0
	5826	93.750084	11.226549	9.944548e+04	1.172906e+01	1.009647e+00	2016	11	2	0
	5940	90.750031	12.748947	9.896416e+04	2.611470e+01	5.901151e-01	2016	11	2	12
	5937	89.249969	12.748947	9.873234e+04	2.542712e+01	8.305946e-02	2016	11	2	18
	5936	87.749956	12.740504	9.837884e+04	2.962423e+01	4.369100e-03	2016	11	3	0
	5936	87.749956	12.740504	9.840463e+04	2.838893e+01	4.369100e-03	2016	11	3	6
	5934	84.749852	14.192697	9.833577e+04	2.418484e+01	2.687586e-01	2016	11	3	18
	5934	84.749852	14.192697	9.786072e+04	2.366595e+01	2.687586e-01	2016	11	4	0
	6052	84.749820	15.687252	9.801088e+04	3.102098e+01	1.595064e+00	2016	11	4	6
	6049	83.249727	15.646296	9.772473e+04	1.937057e+01	9.336513e+00	2016	11	4	12
	6049	83.249727	15.646296	9.836011e+04	2.080886e+01	9.336513e+00	2016	11	4	18
	6051	83.249674	17.137562	9.825786e+04	1.970498e+01	1.002341e+02	2016	11	5	0
	6169	83.249618	18.629145	9.861270e+04	1.359464e+01	3.402719e+02	2016	11	5	6
	6171	83.249557	20.121045	9.870650e+04	2.130728e+01	3.624755e+02	2016	11	5	18
	6289	83.249492	21.613306	9.883655e+04	2.118246e+01	3.385453e+02	2016	11	6	0
	6289	83.249492	21.613306	9.926124e+04	1.238805e+01	3.385453e+02	2016	11	6	6
start	10	2016	12	9	6
	4887	110.250462	-11.986157	9.888220e+04	2.473722e+01	2.188375e-01	2016	12	9	6
	4885	110.250574	-13.402715	9.873173e+04	2.908184e+01	1.803278e-02	2016	12	9	18
	4885	110.250574	-13.402715	9.876520e+04	2.723698e+01	1.803278e-02	2016	12	10	0
	4766	108.750684	-14.953288	9.872851e+04	2.379818e+01	7.123425e-04	2016	12	10	18
	4766	108.750684	-14.953288	9.900826e+04	2.403853e+01	7.123425e-04	2016	12	11	0
	4760	105.750703	-16.639322	9.921314e+04	1.861761e+01	2.393628e-05	2016	12	11	18
	4757	104.250602	-16.749831	9.930984e+04	1.718558e+01	7.864148e-06	2016	12	12	0
	4756	102.750582	-16.849388	9.961811e+04	1.522699e+01	1.615717e-06	2016	12	12	12
	4634	99.750536	-18.497963	1.000235e+05	1.478742e+01	3.063048e-08	2016	12	13	12
	4634	99.750536	-18.497963	1.001081e+05	1.458455e+01	3.063048e-08	2016	12	13	18
start	13	2016	12	21	12
	8584	183.750084	-11.226549	9.971378e+04	1.982520e+01	9.164645e-03	2016	12	21	12
	8467	185.250119	-12.698306	9.950757e+04	1.605242e+01	4.178790e-01	2016	12	21	18
	8468	186.750225	-14.155299	9.936322e+04	2.095867e+01	5.652064e+00	2016	12	22	0
	8351	188.250291	-15.595133	9.869876e+04	2.115607e+01	2.956096e+00	2016	12	22	18
	8349	188.250347	-17.082082	9.851385e+04	2.179931e+01	1.290787e-01	2016	12	23	0
	8349	188.250347	-17.082082	9.824248e+04	2.100482e+01	1.290787e-01	2016	12	23	6
	8349	188.250347	-17.082082	9.807300e+04	2.457876e+01	1.290787e-01	2016	12	23	12
	8349	188.250347	-17.082082	9.790564e+04	3.116403e+01	1.290787e-01	2016	12	23	18
	8349	188.250347	-17.082082	9.775474e+04	2.462103e+01	1.290787e-01	2016	12	24	0
	8349	188.250347	-17.082082	9.795312e+04	2.472415e+01	1.290787e-01	2016	12	24	6
	8231	188.250408	-18.569504	9.790505e+04	2.941238e+01	3.028195e-02	2016	12	24	12
	8231	188.250408	-18.569504	9.761372e+04	2.877503e+01	3.028195e-02	2016	12	24	18
	8231	188.250408	-18.569504	9.697438e+04	2.665017e+01	3.028195e-02	2016	12	25	12
start	11	2017	1	23	18
	4791	128.251084	-12.490750	9.942933e+04	2.012586e+01	6.485808e+00	2017	1	23	18
	4786	123.751039	-13.199305	9.924058e+04	1.992120e+01	2.422136e+00	2017	1	24	18
	4783	122.250995	-13.417373	9.910033e+04	2.075151e+01	7.309623e-01	2017	1	25	0
	4783	122.250995	-13.417373	9.863637e+04	2.639207e+01	7.309623e-01	2017	1	25	6
	4782	120.750987	-13.626193	9.872482e+04	2.610658e+01	2.121546e-01	2017	1	25	12
	4780	120.751181	-14.943105	9.861938e+04	2.775034e+01	3.863486e-01	2017	1	25	18
	4658	117.751303	-16.722598	9.828659e+04	2.020483e+01	6.552345e-02	2017	1	26	6
	4655	116.251216	-16.934240	9.847177e+04	2.268271e+01	6.668963e-02	2017	1	26	12
	4653	116.251414	-18.309540	9.831253e+04	1.886740e+01	1.174670e+00	2017	1	26	18
	4532	114.751826	-21.315672	9.876201e+04	1.902086e+01	3.634269e+01	2017	1	27	12
	4412	114.752309	-24.126628	9.864655e+04	1.363439e+01	1.690826e+02	2017	1	28	0
start	15	2017	7	4	18
	6236	132.751603	13.999899	9.739277e+04	3.104312e+01	3.564636e-05	2017	7	4	18
	6236	132.751603	13.999899	9.717376e+04	3.799815e+01	3.564636e-05	2017	7	5	0
	6235	131.251841	15.505302	9.651312e+04	3.509283e+01	2.216169e-04	2017	7	5	12
	6353	131.252126	16.700130	9.548626e+04	3.986250e+01	1.711200e-04	2017	7	5	18
	6354	129.752428	18.282591	9.553361e+04	2.635147e+01	4.616557e-04	2017	7	6	6
	6354	129.752428	18.282591	9.566747e+04	2.665133e+01	4.616557e-04	2017	7	6	12
	6472	129.752755	19.519856	9.541517e+04	4.240183e+01	3.223813e-04	2017	7	6	18
	6471	128.253007	21.173393	9.469512e+04	3.701131e+01	1.274949e-02	2017	7	7	0
	6590	126.753723	24.170099	9.338004e+04	3.373561e+01	2.956099e-01	2017	7	7	18
	6705	125.253933	25.916025	9.364702e+04	3.138930e+01	8.667974e-01	2017	7	8	0
	6706	123.754300	27.685185	9.421503e+04	3.126191e+01	5.632179e+00	2017	7	8	6
	6706	123.754300	27.685185	9.474710e+04	2.880972e+01	5.632179e+00	2017	7	8	12
	6821	122.254436	29.473461	9.523823e+04	2.458509e+01	4.428354e+01	2017	7	8	18
	6820	120.754408	29.868565	9.611802e+04	2.111138e+01	1.376830e+02	2017	7	9	0
	6817	119.254117	30.243805	9.677863e+04	1.111656e+01	1.989981e+02	2017	7	9	6
start	17	2017	12	3	0
	5985	125.250687	10.471188	9.974957e+04	1.085076e+01	7.725138e+01	2017	12	3	0
	5866	123.750533	9.392471	9.927954e+04	1.522929e+01	1.160697e+02	2017	12	3	12
	5866	123.750533	9.392471	9.910548e+04	1.663261e+01	1.160697e+02	2017	12	3	18
	5981	122.250655	10.835189	9.914271e+04	1.769746e+01	6.051216e+01	2017	12	4	0
	5982	120.750809	12.313843	9.917767e+04	2.299956e+01	5.633170e+01	2017	12	4	12
	5979	119.250767	12.495417	9.904234e+04	2.484594e+01	1.791878e+01	2017	12	5	0
	5979	119.250767	12.495417	9.875488e+04	2.562695e+01	1.791878e+01	2017	12	5	6
	5975	116.250710	12.832862	9.920627e+04	2.309089e+01	3.373777e-01	2017	12	6	0
	5975	116.250710	12.832862	9.870416e+04	2.261815e+01	3.373777e-01	2017	12	6	6
	5974	114.750700	12.988565	9.900262e+04	2.358430e+01	7.678726e-02	2017	12	6	12
	5974	114.750700	12.988565	9.880117e+04	2.332602e+01	7.678726e-02	2017	12	6	18
	5971	113.250645	13.135491	9.854647e+04	2.447153e+01	6.224493e-01	2017	12	7	6
	5970	111.750634	13.273560	9.888778e+04	2.393884e+01	9.199224e+00	2017	12	7	18
	5970	111.750634	13.273560	9.907616e+04	2.713657e+01	9.199224e+00	2017	12	8	0
	5970	111.750634	13.273560	9.924641e+04	2.700523e+01	9.199224e+00	2017	12	8	6
	5970	111.750634	13.273560	9.950713e+04	2.573485e+01	9.199224e+00	2017	12	8	12
	5970	111.750634	13.273560	9.962044e+04	2.464936e+01	9.199224e+00	2017	12	8	18
