start	21	2007	2	22	12
	4704	63.748967	-15.563139	9.917155e+04	1.912703e+01	1.210948e-04	2007	2	22	12
	4582	60.748683	-16.499652	9.887076e+04	1.696589e+01	5.721856e-03	2007	2	23	0
	4579	59.248607	-16.265463	9.830194e+04	1.900650e+01	8.434757e-03	2007	2	23	12
	4576	57.748365	-17.330323	9.781212e+04	2.606335e+01	2.448347e-01	2007	2	24	0
	4455	56.248027	-18.354361	9.797713e+04	2.250899e+01	1.333795e+00	2007	2	24	6
	4455	56.248027	-18.354361	9.737130e+04	2.640142e+01	1.333795e+00	2007	2	24	12
	4452	54.747736	-19.336437	9.739767e+04	3.255143e+01	4.111338e+00	2007	2	25	0
	4452	54.747736	-19.336437	9.774367e+04	2.440657e+01	4.111338e+00	2007	2	25	6
	4449	53.247648	-18.998630	9.733834e+04	2.936232e+01	1.876459e+00	2007	2	25	12
	4449	53.247648	-18.998630	9.726613e+04	2.621073e+01	1.876459e+00	2007	2	25	18
	4449	53.247648	-18.998630	9.706759e+04	3.030275e+01	1.876459e+00	2007	2	26	0
	4449	53.247648	-18.998630	9.712243e+04	2.908281e+01	1.876459e+00	2007	2	26	18
	4331	53.247335	-20.276457	9.733425e+04	2.857210e+01	2.646331e+00	2007	2	27	6
	4328	51.746993	-21.173393	9.754669e+04	2.769932e+01	2.713773e+00	2007	2	27	18
	4210	51.746640	-22.452688	9.741419e+04	2.157595e+01	8.051720e-01	2007	2	28	0
	4087	50.245725	-24.583801	9.765406e+04	2.648857e+01	2.922514e+00	2007	2	28	6
	4085	50.245291	-25.881894	9.733588e+04	2.617023e+01	8.804612e-01	2007	2	28	12
	3967	50.244837	-27.194576	9.769481e+04	2.743352e+01	2.167578e-01	2007	2	28	18
	3846	48.743870	-29.315226	9.791527e+04	2.183181e+01	3.843346e-02	2007	3	1	6
	3846	48.743870	-29.315226	9.788809e+04	1.667640e+01	3.843346e-02	2007	3	1	12
	3844	48.743355	-30.659430	9.831649e+04	2.643756e+01	4.779330e-03	2007	3	2	0
start	11	2007	7	10	18
	9840	135.747836	15.952239	9.852368e+04	2.803347e+01	4.650092e-09	2007	7	10	18
	6358	132.752480	17.513395	9.815452e+04	1.927165e+01	3.713951e-08	2007	7	11	6
	6473	131.252758	19.120093	9.803356e+04	1.977121e+01	3.089533e-05	2007	7	11	12
	6474	129.753103	20.767661	9.766653e+04	2.186092e+01	1.075875e-03	2007	7	11	18
	6592	129.753472	22.027361	9.763114e+04	3.256955e+01	3.827024e-03	2007	7	12	0
	6589	128.253360	22.452688	9.714091e+04	2.176951e+01	4.076661e-02	2007	7	12	6
	6591	128.253733	23.743242	9.722288e+04	3.095388e+01	8.849626e-02	2007	7	12	12
	6708	126.754114	25.490341	9.709222e+04	2.040067e+01	4.179425e-01	2007	7	12	18
	6710	126.754525	26.822335	9.706232e+04	1.843240e+01	7.899369e-01	2007	7	13	0
	6830	126.755402	29.524921	9.707086e+04	1.922580e+01	2.932019e-01	2007	7	13	12
	6949	128.255874	30.392141	9.698326e+04	1.996907e+01	2.136342e+00	2007	7	13	18
start	23	2007	8	30	12
	10108	156.747649	25.800591	9.942062e+04	2.312044e+01	3.839075e-06	2007	8	30	12
	10106	153.747123	26.670960	9.894623e+04	1.699238e+01	3.625819e-06	2007	8	31	6
	10224	153.746837	28.085540	9.900162e+04	2.046358e+01	1.951253e-07	2007	8	31	12
	10222	150.746223	28.835214	9.884796e+04	1.828060e+01	5.919626e-07	2007	9	1	6
	10220	150.746551	27.435268	9.871253e+04	2.000421e+01	5.233410e-07	2007	9	1	18
	10216	147.746293	26.712242	9.847259e+04	1.935896e+01	4.580199e-05	2007	9	2	18
	10216	147.746293	26.712242	9.872051e+04	2.404522e+01	4.580199e-05	2007	9	3	0
	10214	144.745682	27.263458	9.852834e+04	1.995285e+01	8.470045e-03	2007	9	3	12
	10329	143.245046	28.167196	9.845491e+04	1.882153e+01	1.567568e-02	2007	9	4	0
	10328	141.745038	27.691166	9.839243e+04	2.088096e+01	3.466779e-02	2007	9	4	6
	10330	141.744590	29.034193	9.856817e+04	2.585254e+01	9.221819e-03	2007	9	4	12
	10327	140.244361	28.521847	9.828879e+04	1.934369e+01	7.477601e-03	2007	9	4	18
	10445	140.243864	29.865023	9.841183e+04	1.816881e+01	3.504340e-02	2007	9	5	0
	10446	138.743355	30.659430	9.829250e+04	2.591023e+01	3.737929e-01	2007	9	5	6
	10446	138.743355	30.659430	9.804827e+04	2.751852e+01	3.737929e-01	2007	9	5	12
	10564	138.742820	32.021937	9.792216e+04	2.769234e+01	4.057150e+00	2007	9	5	18
	10564	138.742820	32.021937	9.786255e+04	2.944345e+01	4.057150e+00	2007	9	6	0
	10566	138.742266	33.402747	9.781128e+04	2.760770e+01	4.215913e+01	2007	9	6	6
	10684	138.741694	34.803222	9.821236e+04	1.925848e+01	2.240569e+02	2007	9	6	12
	10686	138.741102	36.223361	9.828329e+04	1.315522e+01	4.407593e+02	2007	9	6	18
	21594	139.509190	37.971417	9.852692e+04	1.160956e+01	2.393668e+02	2007	9	7	0
	21470	139.584504	40.957352	9.899835e+04	1.101263e+01	6.500125e+01	2007	9	7	12
	21338	146.278778	46.531491	9.996777e+04	1.344825e+01	7.861018e+00	2007	9	8	12
start	13	2007	10	2	12
	6353	131.252126	16.700130	9.899827e+04	1.683587e+01	1.711200e-04	2007	10	2	12
	6352	129.752123	17.055867	9.859595e+04	2.505008e+01	1.218511e-03	2007	10	3	12
	6351	128.252360	18.647324	9.817395e+04	2.342758e+01	5.113869e-03	2007	10	3	18
	6351	128.252360	18.647324	9.821661e+04	2.281076e+01	5.113869e-03	2007	10	4	0
	6350	126.752352	18.998630	9.792645e+04	2.390912e+01	3.383759e-02	2007	10	4	6
	6468	126.752665	20.276457	9.796143e+04	3.034224e+01	3.811950e-02	2007	10	4	12
	6465	125.252563	20.633102	9.748888e+04	3.024647e+01	6.086860e-01	2007	10	4	18
	6465	125.252563	20.633102	9.725576e+04	2.859783e+01	6.086860e-01	2007	10	5	0
	6466	123.752865	22.298029	9.733032e+04	2.467976e+01	2.572164e+01	2007	10	5	12
	6466	123.752865	22.298029	9.715655e+04	2.228129e+01	2.572164e+01	2007	10	5	18
	6584	123.753197	23.630177	9.740680e+04	3.371533e+01	3.397293e+01	2007	10	6	0
	6583	122.253364	25.346261	9.769199e+04	2.037209e+01	6.555914e+01	2007	10	6	6
	6582	120.753341	25.703465	9.840281e+04	1.129350e+01	1.642363e+02	2007	10	6	18
start	17	2008	9	7	6
	13524	288.751280	20.696803	1.004765e+05	2.007879e+01	6.541405e+01	2008	9	7	6
	13520	285.751100	21.006473	1.001552e+05	1.959357e+01	2.935954e+01	2008	9	7	18
	13517	284.250941	21.141225	1.000139e+05	2.034211e+01	4.316490e+01	2008	9	8	0
	13513	281.250745	21.370434	9.983258e+04	2.258246e+01	2.197138e+01	2008	9	8	18
	13512	279.750712	21.464859	9.967207e+04	2.109554e+01	2.469568e+01	2008	9	9	0
	13510	276.750577	23.105928	9.969547e+04	1.018213e+01	1.122038e+01	2008	9	9	12
	13510	276.750577	23.105928	9.950648e+04	1.186445e+01	1.122038e+01	2008	9	9	18
	13507	275.250379	23.162847	9.945643e+04	1.413654e+01	4.588805e+00	2008	9	10	0
	13624	273.750382	24.703385	9.938809e+04	2.165896e+01	1.268180e-01	2008	9	10	12
	13624	273.750382	24.703385	9.912466e+04	2.550026e+01	1.268180e-01	2008	9	10	18
	13622	270.750126	26.248059	9.906082e+04	1.999427e+01	3.460252e-02	2008	9	11	12
	13618	267.749824	26.232495	9.907298e+04	1.681971e+01	3.103503e-02	2008	9	12	6
	13734	264.749419	29.147513	9.911541e+04	2.284359e+01	2.208389e+01	2008	9	13	6
	13852	264.749364	30.644357	9.902496e+04	1.598008e+01	7.064658e+01	2008	9	13	12
	13854	264.749307	32.141485	9.929815e+04	1.949533e+01	1.172347e+02	2008	9	13	18
	13975	266.249274	35.192182	9.943618e+04	7.822107e+00	2.406540e+02	2008	9	14	6
	14099	269.249754	38.247620	9.913073e+04	1.016745e+01	2.135167e+02	2008	9	14	12
start	11	2009	2	6	18
	4448	51.747640	-18.647324	9.897947e+04	2.275513e+01	1.597613e+01	2009	2	6	18
	4330	51.747326	-19.905359	9.862399e+04	2.297726e+01	6.808135e+00	2009	2	7	0
	4330	51.747326	-19.905359	9.858327e+04	2.447869e+01	6.808135e+00	2009	2	7	6
	4328	51.746993	-21.173393	9.838059e+04	2.384320e+01	2.713773e+00	2009	2	7	12
	4328	51.746993	-21.173393	9.851614e+04	2.742378e+01	2.713773e+00	2009	2	7	18
	4210	51.746640	-22.452688	9.844076e+04	2.120594e+01	8.051720e-01	2009	2	8	0
	4209	53.246277	-24.170099	9.828707e+04	2.032537e+01	1.520779e-01	2009	2	8	12
	4091	53.245886	-25.490341	9.856547e+04	1.884971e+01	2.541309e-02	2009	2	8	18
	4092	54.745682	-27.263458	9.849805e+04	2.412651e+01	4.486694e-03	2009	2	9	0
	4093	56.245700	-27.685185	9.892795e+04	2.217459e+01	2.939711e-03	2009	2	9	6
	3977	59.245208	-31.275610	9.894662e+04	2.009117e+01	0.000000e+00	2009	2	10	0
start	15	2009	8	19	0
	13430	306.751784	16.470138	9.999812e+04	1.430754e+01	2.518465e-05	2009	8	19	0
	13543	302.252146	19.971108	9.956924e+04	1.829114e+01	4.015026e-04	2009	8	19	18
	13542	300.752130	20.267809	9.959114e+04	1.374741e+01	4.358759e-03	2009	8	20	0
	13539	299.252008	20.550688	9.947952e+04	1.384545e+01	1.360649e-02	2009	8	20	6
	13653	296.252088	22.465114	9.962317e+04	1.851533e+01	5.992436e-03	2009	8	20	18
	13655	296.252339	23.861019	9.942001e+04	1.871620e+01	5.787061e-04	2009	8	21	0
	13772	294.752569	25.540001	9.928886e+04	2.814888e+01	1.961107e-04	2009	8	21	6
	13771	293.252597	27.229448	9.939739e+04	2.124245e+01	1.851338e-05	2009	8	21	12
	13889	293.252852	28.663570	9.934933e+04	2.918956e+01	8.507271e-06	2009	8	21	18
	13890	291.753069	30.373088	9.926559e+04	2.073064e+01	8.591153e-06	2009	8	22	0
	14008	291.753339	31.825497	9.905834e+04	2.760798e+01	2.289119e-05	2009	8	22	6
	14007	290.253236	33.547424	9.910736e+04	2.322538e+01	6.977587e-05	2009	8	22	12
	14130	291.754194	36.213353	9.884751e+04	1.887671e+01	2.258329e-04	2009	8	22	18
	14248	291.754492	37.686689	9.842518e+04	2.762407e+01	3.883652e-03	2009	8	23	0
	14369	293.255178	40.343329	9.844415e+04	1.978069e+01	2.511880e-01	2009	8	23	6
start	17	2009	9	15	12
	9852	144.748016	18.048652	9.872980e+04	2.582283e+01	8.445195e-02	2009	9	15	12
	9851	143.247648	18.998630	9.855683e+04	2.333726e+01	1.530609e-02	2009	9	15	18
	9851	143.247648	18.998630	9.840159e+04	2.040849e+01	1.530609e-02	2009	9	16	0
	9968	141.747326	19.905359	9.824606e+04	2.800692e+01	4.981625e-04	2009	9	16	12
	9968	141.747326	19.905359	9.798869e+04	3.064935e+01	4.981625e-04	2009	9	16	18
	9967	140.246897	20.767661	9.795052e+04	2.093464e+01	2.367953e-04	2009	9	17	0
	9967	140.246897	20.767661	9.777034e+04	2.312163e+01	2.367953e-04	2009	9	17	6
	10085	140.246528	22.027361	9.801002e+04	2.626550e+01	1.563585e-03	2009	9	17	12
	10086	138.746135	22.837355	9.753399e+04	3.013386e+01	6.949134e-04	2009	9	17	18
	10086	138.746135	22.837355	9.766791e+04	3.351297e+01	6.949134e-04	2009	9	18	0
	10204	138.745724	24.102933	9.720494e+04	3.274218e+01	1.656471e-03	2009	9	18	6
	10206	138.745291	25.382486	9.719684e+04	3.381678e+01	1.384313e-03	2009	9	18	12
	10324	138.744838	26.677479	9.697426e+04	2.743933e+01	1.494032e-03	2009	9	18	18
	10330	141.744590	29.034193	9.699913e+04	2.992103e+01	9.221819e-03	2009	9	19	6
	10448	141.744126	30.392141	9.687962e+04	2.597604e+01	1.946444e-02	2009	9	19	12
	10451	143.243650	32.282178	9.685151e+04	2.838559e+01	1.952452e-02	2009	9	19	18
	10576	147.743948	35.124666	9.769573e+04	2.391737e+01	7.833590e-04	2009	9	20	6
start	13	2010	3	13	6
	8462	180.750031	-12.748947	9.877325e+04	2.132469e+01	1.213548e-01	2010	3	13	6
	8462	180.750031	-12.748947	9.873332e+04	1.812289e+01	1.213548e-01	2010	3	13	12
	8462	180.750031	-12.748947	9.861340e+04	1.887874e+01	1.213548e-01	2010	3	13	18
	8460	180.750039	-14.248833	9.839565e+04	3.165394e+01	1.358966e+00	2010	3	14	6
	8460	180.750039	-14.248833	9.870019e+04	2.868344e+01	1.358966e+00	2010	3	14	12
	8342	180.750048	-15.748722	9.855005e+04	1.434443e+01	4.773138e+00	2010	3	14	18
	8342	180.750048	-15.748722	9.850030e+04	1.287086e+01	4.773138e+00	2010	3	15	0
	8337	179.249943	-17.248614	9.863335e+04	1.776772e+01	2.166508e+01	2010	3	15	12
	8337	179.249943	-17.248614	9.872851e+04	1.493366e+01	2.166508e+01	2010	3	15	18
	8219	179.249933	-18.748511	9.854463e+04	1.807551e+01	1.044615e+01	2010	3	16	0
	8220	180.750077	-20.248411	9.861804e+04	3.121591e+01	6.170959e-01	2010	3	16	6
	8102	180.750088	-21.748316	9.866115e+04	1.536534e+01	6.888904e-02	2010	3	16	12
	7983	182.250158	-24.733223	9.860787e+04	1.900886e+01	1.941262e-03	2010	3	17	0
start	24	2010	9	14	18
	13550	306.752352	18.998630	9.965239e+04	1.748503e+01	6.086279e-07	2010	9	14	18
	13550	306.752352	18.998630	9.964188e+04	1.510935e+01	6.086279e-07	2010	9	15	0
	13547	305.252264	19.336437	9.926097e+04	2.128553e+01	7.179138e-06	2010	9	15	6
	13547	305.252264	19.336437	9.920959e+04	2.099132e+01	7.179138e-06	2010	9	15	12
	13546	303.752252	19.660612	9.904677e+04	2.068186e+01	4.816193e-05	2010	9	15	18
	13546	303.752252	19.660612	9.891683e+04	1.783651e+01	4.816193e-05	2010	9	16	0
	13664	303.752549	20.975168	9.870956e+04	2.949426e+01	1.426572e-06	2010	9	16	6
	13661	302.252427	21.302633	9.838244e+04	3.015708e+01	5.227251e-05	2010	9	16	12
	13661	302.252427	21.302633	9.808657e+04	2.852071e+01	5.227251e-05	2010	9	16	18
	13662	300.752704	22.970117	9.770692e+04	3.097417e+01	4.325461e-05	2010	9	17	6
	13659	299.252543	23.282751	9.774530e+04	3.135494e+01	1.069548e-04	2010	9	17	12
	13659	299.252543	23.282751	9.766427e+04	2.399623e+01	1.069548e-04	2010	9	17	18
	13776	297.752804	24.969410	9.804151e+04	3.348492e+01	1.370991e-05	2010	9	18	0
	13776	297.752804	24.969410	9.749323e+04	2.900068e+01	1.370991e-05	2010	9	18	6
	13773	296.252602	25.262968	9.759348e+04	2.830817e+01	5.377532e-05	2010	9	18	12
	13775	296.252877	26.670960	9.737518e+04	2.372371e+01	6.134620e-06	2010	9	18	18
	13774	294.752841	26.958808	9.760052e+04	2.732746e+01	1.524621e-05	2010	9	19	0
	13892	294.753125	28.383529	9.755341e+04	2.921990e+01	1.562323e-05	2010	9	19	6
	13894	294.753419	29.814162	9.764621e+04	2.252514e+01	1.179008e-04	2010	9	19	12
	14012	294.753723	31.251141	9.760725e+04	2.779848e+01	3.831076e-04	2010	9	19	18
	14012	294.753723	31.251141	9.762348e+04	3.144201e+01	3.831076e-04	2010	9	20	0
	14014	294.754038	32.694466	9.727026e+04	2.521263e+01	6.046341e-04	2010	9	20	6
	14377	299.256377	38.889256	9.667395e+04	2.547467e+01	3.694022e-04	2010	9	21	0
	18480	302.933827	40.742235	9.668012e+04	2.770394e+01	4.310793e-04	2010	9	21	6
start	13	2011	3	26	0
	8097	179.249900	-23.248225	9.892361e+04	1.925777e+01	1.012474e-02	2011	3	26	0
	7978	177.749842	-24.733223	9.866302e+04	1.812502e+01	5.769868e-04	2011	3	27	0
	7977	179.249874	-26.248059	9.856057e+04	2.472549e+01	1.406500e-03	2011	3	27	18
	7859	179.249861	-27.747984	9.863006e+04	1.880121e+01	5.429266e-03	2011	3	28	0
	7861	182.250215	-29.231185	9.865500e+04	2.173033e+01	6.326191e-02	2011	3	28	12
	7743	182.250235	-30.730607	9.861823e+04	2.080826e+01	3.633540e-02	2011	3	28	18
	7744	183.750621	-32.194647	9.837895e+04	2.703733e+01	1.463718e-03	2011	3	29	0
	7626	183.750673	-33.693338	9.817193e+04	2.664638e+01	1.137325e-03	2011	3	29	6
	7624	183.750726	-35.192182	9.854972e+04	2.636552e+01	1.234328e-02	2011	3	29	12
	7624	183.750726	-35.192182	9.881525e+04	2.330841e+01	1.234328e-02	2011	3	29	18
	7506	183.750781	-36.691185	9.962391e+04	1.840667e+01	4.602078e-02	2011	3	30	12
	7506	183.750781	-36.691185	9.969279e+04	2.033108e+01	4.602078e-02	2011	3	30	18
	7387	185.250995	-39.631712	9.984660e+04	1.330081e+01	5.231950e-03	2011	3	31	6
start	17	2011	8	4	0
	6712	129.754275	24.583801	9.772484e+04	2.736522e+01	1.076248e-01	2011	8	4	0
	6709	128.254124	25.046302	9.763969e+04	2.193419e+01	4.875891e-01	2011	8	4	6
	6709	128.254124	25.046302	9.731439e+04	2.602811e+01	4.875891e-01	2011	8	4	12
	6709	128.254124	25.046302	9.713635e+04	2.496975e+01	4.875891e-01	2011	8	4	18
	6708	126.754114	25.490341	9.713880e+04	2.855499e+01	4.179425e-01	2011	8	5	6
	6710	126.754525	26.822335	9.694833e+04	1.891236e+01	7.899369e-01	2011	8	5	12
	6707	125.254318	27.263458	9.685439e+04	2.735963e+01	7.760299e-01	2011	8	5	18
	6825	125.254719	28.622895	9.680673e+04	2.775660e+01	9.466913e-01	2011	8	6	0
	6825	125.254719	28.622895	9.674123e+04	2.621632e+01	9.466913e-01	2011	8	6	6
	6826	123.755118	30.442423	9.722040e+04	1.640185e+01	2.929194e+00	2011	8	6	12
	6826	123.755118	30.442423	9.731712e+04	1.580386e+01	2.929194e+00	2011	8	6	18
	6944	123.755549	31.838610	9.747671e+04	2.975244e+01	8.827621e-01	2011	8	7	0
	6946	123.755997	33.246793	9.761240e+04	1.819656e+01	9.859113e-01	2011	8	7	6
	7064	123.756458	34.667759	9.784947e+04	2.430777e+01	1.907589e+00	2011	8	7	12
	7063	122.256485	36.566301	9.810962e+04	1.434049e+01	1.386320e+01	2011	8	7	18
	7184	123.757420	37.548739	9.840953e+04	1.965556e+01	1.232874e+01	2011	8	8	0
	7186	123.757921	39.009454	9.873823e+04	7.742179e+00	6.770378e+01	2011	8	8	6
start	17	2011	8	24	18
	13522	285.751250	22.465901	9.971300e+04	1.312909e+01	5.350729e+00	2011	8	24	18
	13637	284.251203	24.076694	9.935123e+04	2.250123e+01	9.157014e-01	2011	8	25	6
	13638	282.751300	25.687331	9.913621e+04	1.543220e+01	3.108753e-01	2011	8	25	12
	13756	282.751442	27.165205	9.903859e+04	3.076649e+01	1.845349e-01	2011	8	25	18
	13756	282.751442	27.165205	9.882375e+04	2.718306e+01	1.845349e-01	2011	8	26	0
	13758	282.751590	28.644615	9.868949e+04	2.193309e+01	5.618110e-02	2011	8	26	6
	13876	282.751743	30.125679	9.848594e+04	3.029205e+01	2.696176e-02	2011	8	26	12
	13878	282.751901	31.608397	9.827966e+04	2.340786e+01	1.839988e-01	2011	8	26	18
	13878	282.751901	31.608397	9.797514e+04	2.441416e+01	1.839988e-01	2011	8	27	0
	13996	282.752063	33.092867	9.786873e+04	2.778064e+01	2.234315e+00	2011	8	27	6
	13998	282.752229	34.579089	9.782693e+04	1.509838e+01	1.435509e+01	2011	8	27	12
	14117	284.252479	35.896057	9.769020e+04	1.496517e+01	6.651336e+00	2011	8	27	18
	14119	284.252658	37.383279	9.769548e+04	1.461762e+01	1.862971e+01	2011	8	28	0
	14237	284.252839	38.872867	9.767729e+04	1.318052e+01	5.974954e+01	2011	8	28	6
	14242	285.753566	40.166669	9.739296e+04	1.377204e+01	8.369061e+01	2011	8	28	12
	19084	289.500578	47.065306	9.801377e+04	1.399341e+01	3.511694e+02	2011	8	29	6
	19088	291.501334	49.724044	9.820749e+04	1.368243e+01	3.436910e+02	2011	8	29	12
start	17	2012	8	24	6
	6598	132.753965	22.358415	9.827648e+04	1.486563e+01	3.635772e-04	2012	8	24	6
	6598	132.753965	22.358415	9.830645e+04	2.142290e+01	3.635772e-04	2012	8	24	12
	6595	131.253865	22.837355	9.806762e+04	2.407064e+01	2.608537e-03	2012	8	24	18
	6713	131.254276	24.102933	9.795451e+04	3.017236e+01	1.566543e-02	2012	8	25	0
	6713	131.254276	24.102933	9.755803e+04	2.404329e+01	1.566543e-02	2012	8	25	6
	6712	129.754275	24.583801	9.755001e+04	2.691556e+01	1.076248e-01	2012	8	25	18
	6714	129.754709	25.881894	9.765261e+04	1.843390e+01	5.858366e-01	2012	8	26	0
	6711	128.254534	26.361868	9.727689e+04	2.327386e+01	1.496002e+00	2012	8	26	6
	6711	128.254534	26.361868	9.722354e+04	2.407876e+01	1.496002e+00	2012	8	26	12
	6828	126.754954	28.167196	9.692222e+04	3.483716e+01	6.301671e-01	2012	8	26	18
	6828	126.754954	28.167196	9.692528e+04	3.211366e+01	6.301671e-01	2012	8	27	0
	6827	125.255136	29.994333	9.669212e+04	2.553374e+01	4.330388e-01	2012	8	27	6
	6945	125.255568	31.378731	9.675291e+04	2.840007e+01	7.372824e-01	2012	8	27	12
	6947	125.256016	32.776089	9.714431e+04	2.611354e+01	3.665123e+00	2012	8	27	18
	7064	123.756458	34.667759	9.727031e+04	2.612643e+01	1.907589e+00	2012	8	28	0
	7066	123.756933	36.101507	9.765340e+04	2.239424e+01	4.501971e+00	2012	8	28	6
	7186	123.757921	39.009454	9.813767e+04	1.507937e+01	6.770378e+01	2012	8	28	12
start	19	2012	9	25	6
	6230	126.751784	16.470138	9.900238e+04	1.792177e+01	2.381697e-01	2012	9	25	6
	6230	126.751784	16.470138	9.912437e+04	1.946240e+01	2.381697e-01	2012	9	25	12
	6348	126.752058	17.730250	9.872355e+04	2.536440e+01	1.381062e-01	2012	9	25	18
	6348	126.752058	17.730250	9.882112e+04	2.331722e+01	1.381062e-01	2012	9	26	0
	6345	125.251984	18.048652	9.854380e+04	1.666129e+01	1.821448e+00	2012	9	26	6
	6345	125.251984	18.048652	9.874780e+04	1.625292e+01	1.821448e+00	2012	9	26	12
	6347	125.252264	19.336437	9.851630e+04	2.017375e+01	2.959703e-01	2012	9	26	18
	6346	123.752252	19.660612	9.867214e+04	1.806972e+01	2.862612e+00	2012	9	27	0
	6464	123.752549	20.975168	9.845220e+04	2.663060e+01	6.126610e+00	2012	9	27	6
	6464	123.752549	20.975168	9.828367e+04	2.818337e+01	6.126610e+00	2012	9	27	12
	6464	123.752549	20.975168	9.828551e+04	3.026525e+01	6.126610e+00	2012	9	27	18
	6466	123.752865	22.298029	9.821866e+04	2.023557e+01	2.572164e+01	2012	9	28	0
	6587	125.253564	24.579585	9.852014e+04	2.466711e+01	2.524986e+00	2012	9	28	12
	6587	125.253564	24.579585	9.868820e+04	2.401033e+01	2.524986e+00	2012	9	28	18
	6708	126.754114	25.490341	9.872483e+04	3.088125e+01	4.179425e-01	2012	9	29	0
	6711	128.254534	26.361868	9.866841e+04	2.265296e+01	1.496002e+00	2012	9	29	6
	6832	129.755163	27.194576	9.891256e+04	2.851755e+01	1.345063e+00	2012	9	29	12
	6953	131.256130	29.315226	9.886368e+04	1.919421e+01	6.105037e+00	2012	9	29	18
	10680	135.741352	33.514978	9.914805e+04	2.247815e+01	1.507202e+02	2012	9	30	6
start	27	2012	10	10	18
	6472	129.752755	19.519856	9.845421e+04	1.858173e+01	3.223813e-04	2012	10	10	18
	6472	129.752755	19.519856	9.858455e+04	2.366897e+01	3.223813e-04	2012	10	11	0
	6469	128.252674	19.905359	9.817991e+04	2.250084e+01	2.434415e-03	2012	10	11	6
	6469	128.252674	19.905359	9.812362e+04	1.956805e+01	2.434415e-03	2012	10	11	12
	6469	128.252674	19.905359	9.791969e+04	2.555765e+01	2.434415e-03	2012	10	11	18
	6469	128.252674	19.905359	9.805933e+04	1.969484e+01	2.434415e-03	2012	10	12	0
	6469	128.252674	19.905359	9.807573e+04	2.429034e+01	2.434415e-03	2012	10	12	6
	6474	129.753103	20.767661	9.789366e+04	2.585309e+01	1.075875e-03	2012	10	12	18
	6474	129.753103	20.767661	9.809312e+04	2.460695e+01	1.075875e-03	2012	10	13	0
	6592	129.753472	22.027361	9.799469e+04	2.595887e+01	3.827024e-03	2012	10	13	6
	6592	129.753472	22.027361	9.815391e+04	2.460281e+01	3.827024e-03	2012	10	13	12
	6592	129.753472	22.027361	9.804734e+04	2.283728e+01	3.827024e-03	2012	10	13	18
	6595	131.253865	22.837355	9.791132e+04	2.121518e+01	2.608537e-03	2012	10	14	6
	6595	131.253865	22.837355	9.794791e+04	2.416637e+01	2.608537e-03	2012	10	14	12
	6595	131.253865	22.837355	9.794146e+04	2.147659e+01	2.608537e-03	2012	10	14	18
	6595	131.253865	22.837355	9.821380e+04	2.349799e+01	2.608537e-03	2012	10	15	0
	6595	131.253865	22.837355	9.798966e+04	2.475525e+01	2.608537e-03	2012	10	15	6
	6595	131.253865	22.837355	9.827136e+04	2.012701e+01	2.608537e-03	2012	10	15	12
	6592	129.753472	22.027361	9.850984e+04	2.311654e+01	3.827024e-03	2012	10	16	0
	6592	129.753472	22.027361	9.838066e+04	2.384206e+01	3.827024e-03	2012	10	16	6
	6589	128.253360	22.452688	9.868872e+04	1.755579e+01	4.076661e-02	2012	10	16	12
	6589	128.253360	22.452688	9.866885e+04	1.910736e+01	4.076661e-02	2012	10	16	18
	6591	128.253733	23.743242	9.877092e+04	1.699203e+01	8.849626e-02	2012	10	17	0
	6591	128.253733	23.743242	9.888893e+04	2.300496e+01	8.849626e-02	2012	10	17	6
	6712	129.754275	24.583801	9.910378e+04	2.595058e+01	1.076248e-01	2012	10	17	12
	6714	129.754709	25.881894	9.913993e+04	2.248574e+01	5.858366e-01	2012	10	17	18
	6835	131.255636	27.987909	9.930239e+04	2.075616e+01	1.430986e+00	2012	10	18	0
start	17	2012	10	26	6
	13638	282.751300	25.687331	9.882805e+04	1.852178e+01	3.108753e-01	2012	10	26	6
	13756	282.751442	27.165205	9.839655e+04	1.705040e+01	1.845349e-01	2012	10	26	18
	13758	282.751590	28.644615	9.807478e+04	2.384675e+01	5.618110e-02	2012	10	27	6
	13758	282.751590	28.644615	9.781311e+04	2.226138e+01	5.618110e-02	2012	10	27	12
	13877	284.251802	29.969715	9.740998e+04	2.012680e+01	4.337383e-03	2012	10	27	18
	13880	285.752114	29.796193	9.737103e+04	2.537738e+01	7.280578e-04	2012	10	28	0
	13882	285.752307	31.269493	9.713757e+04	1.947931e+01	4.498952e-03	2012	10	28	6
	14001	287.252570	32.543782	9.709015e+04	2.028937e+01	2.168617e-03	2012	10	28	12
	14001	287.252570	32.543782	9.677700e+04	2.231982e+01	2.168617e-03	2012	10	28	18
	14006	288.753173	33.792341	9.653492e+04	2.312971e+01	5.943050e-04	2012	10	29	0
	14124	288.753420	35.265327	9.633802e+04	2.507743e+01	3.202755e-03	2012	10	29	6
	14126	288.753672	36.742238	9.609348e+04	2.460600e+01	1.551834e-02	2012	10	29	12
	14241	287.253431	38.460274	9.570064e+04	2.355831e+01	2.093865e+00	2012	10	29	18
	14242	285.753566	40.166669	9.599253e+04	1.251676e+01	8.369061e+01	2012	10	30	0
	14238	282.752926	40.542500	9.650829e+04	1.360180e+01	3.061057e+02	2012	10	30	6
	14234	279.752275	40.837400	9.815091e+04	1.144139e+01	3.628816e+02	2012	10	30	18
	14234	279.752275	40.837400	9.881767e+04	8.425035e+00	3.628816e+02	2012	10	31	0
start	10	2013	1	30	0
	4571	53.248470	-15.218297	9.917605e+04	1.435095e+01	2.244591e+00	2013	1	30	0
	4450	51.747935	-17.399291	9.903910e+04	2.419159e+01	2.824959e+01	2013	1	30	18
	4445	50.247572	-18.282591	9.906198e+04	1.098816e+01	1.265034e+02	2013	1	31	6
	4327	50.247245	-19.519856	9.889342e+04	2.700567e+01	7.091177e+01	2013	1	31	12
	4325	50.246897	-20.767661	9.889712e+04	1.784607e+01	3.082163e+01	2013	2	1	0
	4207	50.246528	-22.027361	9.900830e+04	2.666475e+01	9.948182e+00	2013	2	1	6
	4207	50.246528	-22.027361	9.894909e+04	1.631961e+01	9.948182e+00	2013	2	1	12
	4205	50.246137	-23.298957	9.903521e+04	1.905685e+01	4.526828e+00	2013	2	1	18
	4087	50.245725	-24.583801	9.873427e+04	2.021889e+01	2.922514e+00	2013	2	2	0
	3965	50.244361	-28.521847	9.901405e+04	1.932924e+01	5.695077e-02	2013	2	2	18
start	18	2013	10	2	6
	6354	129.752428	18.282591	9.951127e+04	1.498649e+01	4.616557e-04	2013	10	2	6
	6472	129.752755	19.519856	9.951766e+04	1.716950e+01	3.223813e-04	2013	10	2	12
	6472	129.752755	19.519856	9.912067e+04	2.147159e+01	3.223813e-04	2013	10	3	0
	6474	129.753103	20.767661	9.861151e+04	2.089656e+01	1.075875e-03	2013	10	3	6
	6474	129.753103	20.767661	9.857231e+04	2.120765e+01	1.075875e-03	2013	10	3	12
	6592	129.753472	22.027361	9.841394e+04	2.685036e+01	3.827024e-03	2013	10	3	18
	6592	129.753472	22.027361	9.837963e+04	2.457319e+01	3.827024e-03	2013	10	4	0
	6592	129.753472	22.027361	9.827574e+04	2.684774e+01	3.827024e-03	2013	10	4	6
	6589	128.253360	22.452688	9.840825e+04	2.099793e+01	4.076661e-02	2013	10	4	12
	6591	128.253733	23.743242	9.813967e+04	2.696557e+01	8.849626e-02	2013	10	4	18
	6590	126.753723	24.170099	9.833590e+04	1.956631e+01	2.956099e-01	2013	10	5	0
	6587	125.253564	24.579585	9.842737e+04	2.337463e+01	2.524986e+00	2013	10	5	12
	6586	123.753548	24.971611	9.857962e+04	1.929055e+01	1.725029e+01	2013	10	5	18
	6586	123.753548	24.971611	9.865748e+04	1.644516e+01	1.725029e+01	2013	10	6	0
	6583	122.253364	25.346261	9.876998e+04	1.637287e+01	6.555914e+01	2013	10	6	6
	6579	119.253134	26.043324	9.968686e+04	7.588759e+00	3.278987e+02	2013	10	6	18
	6827	125.255136	29.994333	9.987759e+04	1.176180e+01	4.330388e-01	2013	10	7	18
	6945	125.255568	31.378731	9.986142e+04	1.427738e+01	7.372824e-01	2013	10	8	0
start	12	2014	7	5	18
	6359	134.252478	17.109202	9.836363e+04	2.273385e+01	5.797798e-09	2014	7	5	18
	6469	128.252674	19.905359	9.752262e+04	2.608949e+01	2.434415e-03	2014	7	6	18
	6471	128.253007	21.173393	9.700143e+04	2.672653e+01	1.274949e-02	2014	7	7	0
	6470	126.752999	21.563729	9.711888e+04	2.755706e+01	1.410331e-01	2014	7	7	6
	6588	126.753351	22.861609	9.679754e+04	3.702654e+01	3.205570e-01	2014	7	7	12
	6590	126.753723	24.170099	9.685660e+04	2.310236e+01	2.956099e-01	2014	7	7	18
	6705	125.253933	25.916025	9.703861e+04	2.479012e+01	8.667974e-01	2014	7	8	0
	6707	125.254318	27.263458	9.667891e+04	2.268638e+01	7.760299e-01	2014	7	8	6
	6825	125.254719	28.622895	9.680409e+04	2.521372e+01	9.466913e-01	2014	7	8	12
	6827	125.255136	29.994333	9.695255e+04	1.834049e+01	4.330388e-01	2014	7	8	18
	6945	125.255568	31.378731	9.742005e+04	1.950593e+01	7.372824e-01	2014	7	9	0
	6950	126.756350	32.282178	9.817801e+04	1.459182e+01	6.049706e+00	2014	7	9	12
start	18	2014	8	2	12
	9840	135.747836	15.952239	9.961775e+04	2.112669e+01	4.650092e-09	2014	8	2	12
	6356	132.752165	16.332197	9.902475e+04	2.547707e+01	4.594354e-07	2014	8	3	12
	6353	131.252126	16.700130	9.886404e+04	1.753399e+01	1.711200e-04	2014	8	3	18
	6354	129.752428	18.282591	9.869563e+04	1.953577e+01	4.616557e-04	2014	8	4	12
	6472	129.752755	19.519856	9.821649e+04	2.602738e+01	3.223813e-04	2014	8	5	0
	6474	129.753103	20.767661	9.804379e+04	2.286771e+01	1.075875e-03	2014	8	5	6
	6592	129.753472	22.027361	9.832684e+04	2.530675e+01	3.827024e-03	2014	8	5	12
	6592	129.753472	22.027361	9.807584e+04	2.617188e+01	3.827024e-03	2014	8	5	18
	6594	129.753863	23.298957	9.813655e+04	2.049278e+01	1.385001e-02	2014	8	6	0
	6715	131.254709	25.382486	9.784259e+04	2.233476e+01	8.883414e-02	2014	8	6	18
	6715	131.254709	25.382486	9.789651e+04	2.307559e+01	8.883414e-02	2014	8	7	0
	6833	131.255162	26.677479	9.755165e+04	2.230466e+01	3.694636e-01	2014	8	7	12
	6833	131.255162	26.677479	9.754102e+04	1.765148e+01	3.694636e-01	2014	8	7	18
	6835	131.255636	27.987909	9.763973e+04	2.153325e+01	1.430986e+00	2014	8	8	6
	6955	131.256645	30.659430	9.772355e+04	2.007927e+01	3.849285e+01	2014	8	9	0
	7198	132.759327	35.581965	9.834485e+04	1.165713e+01	1.092155e+02	2014	8	10	0
	21350	136.551775	42.636623	9.774209e+04	1.269730e+01	3.605145e+01	2014	8	11	0
	21345	136.576342	44.199197	9.769075e+04	1.600845e+01	1.524627e+02	2014	8	11	6
start	10	2014	9	26	6
	10092	144.746787	23.254141	9.886267e+04	1.801248e+01	7.036450e-04	2014	9	26	6
	10092	144.746787	23.254141	9.872414e+04	1.981602e+01	7.036450e-04	2014	9	26	12
	10094	144.746436	24.579585	9.830930e+04	2.425899e+01	1.394239e-03	2014	9	26	18
	10209	143.245886	25.490341	9.843277e+04	1.970491e+01	1.737653e-02	2014	9	27	0
	10211	143.245475	26.822335	9.811772e+04	2.490312e+01	2.719473e-02	2014	9	27	6
	10331	143.244598	29.524921	9.804714e+04	1.966727e+01	3.386731e-03	2014	9	28	0
	10449	143.244133	30.896582	9.816120e+04	2.034369e+01	5.019714e-03	2014	9	28	6
	10576	147.743948	35.124666	9.865073e+04	1.731461e+01	7.833590e-04	2014	9	29	6
	10577	149.243980	35.558116	9.879527e+04	1.331166e+01	1.876849e-04	2014	9	29	12
	10583	152.244068	37.817399	9.860325e+04	1.548423e+01	8.047836e-05	2014	9	29	18
start	19	2014	10	7	18
	6358	132.752480	17.513395	9.853312e+04	2.161979e+01	3.713951e-08	2014	10	7	18
	6355	131.252432	17.904581	9.862827e+04	1.661510e+01	6.987199e-05	2014	10	8	0
	6355	131.252432	17.904581	9.805066e+04	2.396822e+01	6.987199e-05	2014	10	8	6
	6355	131.252432	17.904581	9.821571e+04	2.083797e+01	6.987199e-05	2014	10	8	12
	6472	129.752755	19.519856	9.773702e+04	2.674426e+01	3.223813e-04	2014	10	9	0
	6472	129.752755	19.519856	9.741864e+04	2.845244e+01	3.223813e-04	2014	10	9	6
	6474	129.753103	20.767661	9.742622e+04	2.826947e+01	1.075875e-03	2014	10	9	12
	6474	129.753103	20.767661	9.715915e+04	2.505433e+01	1.075875e-03	2014	10	9	18
	6592	129.753472	22.027361	9.733601e+04	2.701987e+01	3.827024e-03	2014	10	10	0
	6592	129.753472	22.027361	9.684128e+04	3.098616e+01	3.827024e-03	2014	10	10	6
	6591	128.253733	23.743242	9.673735e+04	2.820984e+01	8.849626e-02	2014	10	10	18
	6591	128.253733	23.743242	9.707215e+04	2.631760e+01	8.849626e-02	2014	10	11	0
	6709	128.254124	25.046302	9.701948e+04	2.465714e+01	4.875891e-01	2014	10	11	6
	6710	126.754525	26.822335	9.746843e+04	2.594470e+01	7.899369e-01	2014	10	11	18
	6710	126.754525	26.822335	9.777519e+04	2.385762e+01	7.899369e-01	2014	10	12	0
	6828	126.754954	28.167196	9.774167e+04	2.248007e+01	6.301671e-01	2014	10	12	6
	6830	126.755402	29.524921	9.809246e+04	2.465697e+01	2.932019e-01	2014	10	12	12
	6949	128.255874	30.392141	9.809671e+04	1.624112e+01	2.136342e+00	2014	10	12	18
	6954	129.756653	31.224102	9.839939e+04	1.627131e+01	3.160503e+01	2014	10	13	0
start	11	2015	1	13	18
	4576	57.748365	-17.330323	9.909809e+04	2.235582e+01	2.448347e-01	2015	1	13	18
	4577	59.248378	-17.593268	9.859452e+04	2.297816e+01	1.103286e-01	2015	1	14	12
	4577	59.248378	-17.593268	9.865470e+04	2.288384e+01	1.103286e-01	2015	1	14	18
	4577	59.248378	-17.593268	9.855028e+04	2.351694e+01	1.103286e-01	2015	1	15	0
	4580	60.748468	-17.844181	9.858561e+04	2.831207e+01	3.581139e-02	2015	1	15	6
	4462	60.748238	-19.194526	9.844870e+04	2.007796e+01	1.013774e-01	2015	1	15	12
	4463	62.248256	-19.448637	9.850935e+04	2.066600e+01	4.422533e-02	2015	1	15	18
	4466	63.748375	-19.689683	9.808329e+04	1.980500e+01	7.142042e-02	2015	1	16	0
	4350	66.748110	-22.957421	9.793665e+04	2.313766e+01	1.401766e-03	2015	1	16	18
	4350	66.748110	-22.957421	9.788121e+04	2.126435e+01	1.401766e-03	2015	1	17	0
	4356	72.748385	-25.219545	9.805278e+04	2.531528e+01	9.014073e-10	2015	1	18	0
start	18	2015	3	11	0
	8565	170.249802	-11.091712	9.817039e+04	2.450476e+01	2.428738e-02	2015	3	11	0
	8445	170.249685	-14.052567	9.809597e+04	1.217573e+01	4.361621e-01	2015	3	12	0
	8445	170.249685	-14.052567	9.791600e+04	1.920746e+01	4.361621e-01	2015	3	12	6
	8324	168.749523	-16.937972	9.762445e+04	2.344878e+01	1.031151e+01	2015	3	13	6
	8204	168.749350	-19.891998	9.746665e+04	3.000257e+01	5.278818e+00	2015	3	13	18
	8086	168.749255	-21.370434	9.745945e+04	1.369878e+01	8.076464e+00	2015	3	14	0
	7967	170.249090	-24.434827	9.690087e+04	1.933741e+01	1.282411e-01	2015	3	14	12
	7850	171.749144	-27.505333	9.676030e+04	2.108051e+01	1.460187e-03	2015	3	14	18
	7849	173.249116	-29.080539	9.674390e+04	2.187968e+01	1.899724e-03	2015	3	15	0
	7733	176.249379	-32.194647	9.675122e+04	2.218360e+01	1.112473e-01	2015	3	15	6
	7618	177.749723	-33.729611	9.676992e+04	2.152131e+01	7.884361e-01	2015	3	15	12
	7502	180.750230	-36.747653	9.653266e+04	2.010373e+01	5.869135e+00	2015	3	16	0
	7501	182.250344	-38.228539	9.622391e+04	2.098895e+01	1.624431e+00	2015	3	16	6
	7383	182.250367	-39.728298	9.593975e+04	2.180250e+01	5.344686e-01	2015	3	16	12
	7384	183.750948	-41.189168	9.554906e+04	2.271661e+01	3.953192e-02	2015	3	16	18
	7267	185.251122	-42.630037	9.534076e+04	2.048325e+01	8.256953e-02	2015	3	17	0
	7270	186.751712	-42.551514	9.533457e+04	2.444351e+01	2.674762e-02	2015	3	17	6
	7269	188.251929	-43.952309	9.529276e+04	2.590633e+01	7.151591e-03	2015	3	17	12
start	11	2015	7	8	0
	6478	132.753176	19.910463	9.791817e+04	1.743765e+01	1.412990e-05	2015	7	8	0
	6596	132.753559	21.127885	9.776250e+04	2.900604e+01	7.261516e-05	2015	7	8	6
	6593	131.253475	21.585753	9.750195e+04	2.144947e+01	5.295541e-04	2015	7	8	12
	6591	128.253733	23.743242	9.703869e+04	2.484969e+01	8.849626e-02	2015	7	9	6
	6590	126.753723	24.170099	9.715488e+04	2.281810e+01	2.956099e-01	2015	7	9	12
	6708	126.754114	25.490341	9.723687e+04	3.403002e+01	4.179425e-01	2015	7	9	18
	6705	125.253933	25.916025	9.702144e+04	2.262627e+01	8.667974e-01	2015	7	10	0
	6706	123.754300	27.685185	9.700060e+04	2.234232e+01	5.632179e+00	2015	7	10	12
	6703	122.254064	28.087704	9.717680e+04	1.922459e+01	4.761581e+01	2015	7	10	18
	6703	122.254064	28.087704	9.757735e+04	2.065565e+01	4.761581e+01	2015	7	11	0
	6821	122.254436	29.473461	9.782416e+04	1.360389e+01	4.428354e+01	2015	7	11	6
start	13	2015	8	5	6
	6479	134.253173	19.459211	9.805304e+04	2.176443e+01	2.236401e-06	2015	8	5	6
	6478	132.753176	19.910463	9.798242e+04	2.383953e+01	1.412990e-05	2015	8	5	12
	6475	131.253106	20.346666	9.775082e+04	2.048882e+01	8.666053e-05	2015	8	5	18
	6474	129.753103	20.767661	9.787384e+04	2.136495e+01	1.075875e-03	2015	8	6	0
	6471	128.253007	21.173393	9.742679e+04	2.545583e+01	1.274949e-02	2015	8	6	12
	6470	126.752999	21.563729	9.724184e+04	2.318693e+01	1.410331e-01	2015	8	6	18
	6467	125.252879	21.938646	9.721112e+04	2.549599e+01	3.086564e+00	2015	8	7	0
	6466	123.752865	22.298029	9.723998e+04	2.178265e+01	2.572164e+01	2015	8	7	6
	6584	123.753197	23.630177	9.716674e+04	3.584390e+01	3.397293e+01	2015	8	7	12
	6581	122.253036	23.989762	9.719295e+04	3.009275e+01	1.276705e+02	2015	8	7	18
	6580	120.753014	24.332810	9.739482e+04	2.631439e+01	2.539109e+02	2015	8	8	0
	6580	120.753014	24.332810	9.773658e+04	2.274908e+01	2.539109e+02	2015	8	8	6
	6577	119.252831	24.659382	9.815228e+04	1.242966e+01	1.993048e+02	2015	8	8	12
start	31	2015	8	17	0
	9632	159.749302	14.821511	9.939639e+04	2.276588e+01	7.357749e-07	2015	8	17	0
	9629	158.249228	14.679850	9.916942e+04	1.786262e+01	2.952330e-06	2015	8	17	6
	9630	156.749062	15.924127	9.880833e+04	2.134176e+01	2.792047e-07	2015	8	17	18
	9630	156.749062	15.924127	9.887209e+04	2.656357e+01	2.792047e-07	2015	8	18	0
	9745	155.248800	17.134483	9.841295e+04	2.881390e+01	4.570174e-08	2015	8	18	6
	9746	153.748586	18.309540	9.826938e+04	2.586074e+01	1.263577e-06	2015	8	18	18
	9743	152.248484	18.082954	9.826889e+04	2.824724e+01	1.779885e-05	2015	8	19	0
	9860	150.748238	19.194526	9.790757e+04	3.082100e+01	1.764224e-04	2015	8	19	12
	9862	150.747992	20.550688	9.758066e+04	3.094677e+01	9.731031e-05	2015	8	19	18
	9977	149.247591	21.615387	9.725049e+04	2.995846e+01	4.579529e-04	2015	8	20	0
	9978	147.747277	22.641886	9.730695e+04	2.592141e+01	7.085227e-04	2015	8	20	6
	9978	147.747277	22.641886	9.687096e+04	3.590367e+01	7.085227e-04	2015	8	20	12
	10093	146.246803	23.630177	9.679141e+04	3.306668e+01	3.022267e-04	2015	8	20	18
	10093	146.246803	23.630177	9.671966e+04	2.595847e+01	3.022267e-04	2015	8	21	0
	10095	146.246452	24.971611	9.657054e+04	2.997203e+01	1.340271e-04	2015	8	21	6
	10212	144.746067	25.916025	9.671294e+04	2.942453e+01	4.117638e-03	2015	8	21	12
	10212	144.746067	25.916025	9.673804e+04	3.212930e+01	4.117638e-03	2015	8	21	18
	10214	144.745682	27.263458	9.661317e+04	3.464822e+01	8.470045e-03	2015	8	22	0
	10214	144.745682	27.263458	9.687112e+04	3.005435e+01	8.470045e-03	2015	8	22	6
	10332	144.745281	28.622895	9.682683e+04	2.662761e+01	4.849326e-03	2015	8	22	12
	10332	144.745281	28.622895	9.685038e+04	2.933231e+01	4.849326e-03	2015	8	22	18
	10334	144.744864	29.994333	9.698874e+04	2.739661e+01	1.058725e-03	2015	8	23	0
	10335	146.244882	30.442423	9.695745e+04	2.252935e+01	1.647766e-04	2015	8	23	6
	10335	146.244882	30.442423	9.713077e+04	2.912623e+01	1.647766e-04	2015	8	23	12
	10453	146.244451	31.838610	9.732409e+04	2.558582e+01	1.172299e-04	2015	8	23	18
	10456	147.744781	32.276615	9.713681e+04	2.448788e+01	1.624390e-05	2015	8	24	0
	10460	150.745168	33.087510	9.739595e+04	2.452994e+01	1.188518e-08	2015	8	24	12
	10467	155.245308	35.601301	9.747312e+04	2.205602e+01	0.000000e+00	2015	8	25	0
	10591	158.245204	39.165498	9.631583e+04	2.933001e+01	2.311896e-07	2015	8	25	12
	10594	159.745729	39.447631	9.672153e+04	2.619704e+01	2.737582e-08	2015	8	25	18
	10598	162.746345	39.947951	9.701814e+04	2.395518e+01	0.000000e+00	2015	8	26	0
start	14	2015	8	17	12
	9846	138.747568	17.904581	9.963750e+04	2.219831e+01	1.732643e-05	2015	8	17	12
	9843	137.247520	17.513395	9.939743e+04	1.755721e+01	5.608044e-08	2015	8	17	18
	6473	131.252758	19.120093	9.895039e+04	1.660256e+01	3.089533e-05	2015	8	18	18
	6351	128.252360	18.647324	9.892889e+04	1.843422e+01	5.113869e-03	2015	8	19	6
	6350	126.752352	18.998630	9.898179e+04	1.340601e+01	3.383759e-02	2015	8	19	12
	6350	126.752352	18.998630	9.857621e+04	2.410594e+01	3.383759e-02	2015	8	19	18
	6347	125.252264	19.336437	9.832754e+04	2.445458e+01	2.959703e-01	2015	8	20	0
	6346	123.752252	19.660612	9.809908e+04	1.967815e+01	2.862612e+00	2015	8	20	12
	6343	122.252146	19.971108	9.805438e+04	2.054448e+01	9.973154e+00	2015	8	21	6
	6343	122.252146	19.971108	9.822866e+04	1.649454e+01	9.973154e+00	2015	8	21	12
	6343	122.252146	19.971108	9.824202e+04	2.061292e+01	9.973154e+00	2015	8	21	18
	6343	122.252146	19.971108	9.851600e+04	1.905900e+01	9.973154e+00	2015	8	22	0
	6464	123.752549	20.975168	9.841710e+04	2.495035e+01	6.126610e+00	2015	8	22	6
	6584	123.753197	23.630177	9.869469e+04	2.024163e+01	3.397293e+01	2015	8	23	6
start	22	2015	9	5	0
	9891	173.249423	23.105928	9.945526e+04	2.079185e+01	5.716812e-10	2015	9	5	0
	9890	171.749385	23.034792	9.928542e+04	1.997752e+01	5.677489e-09	2015	9	5	12
	9887	170.249191	22.949427	9.909198e+04	1.834956e+01	6.408933e-08	2015	9	5	18
	10004	168.749048	24.330382	9.903248e+04	2.303469e+01	5.991821e-08	2015	9	6	0
	10004	168.749048	24.330382	9.892584e+04	2.036983e+01	5.991821e-08	2015	9	6	6
	10001	167.248836	24.210996	9.867982e+04	2.895209e+01	2.781894e-07	2015	9	6	12
	10000	165.748797	24.076694	9.862658e+04	2.346269e+01	2.730575e-07	2015	9	6	18
	9997	164.248592	23.927447	9.884513e+04	1.828323e+01	1.017476e-07	2015	9	7	0
	9998	162.748385	25.219545	9.854467e+04	2.888955e+01	1.702843e-09	2015	9	7	12
	9995	161.248165	25.032301	9.842031e+04	2.044354e+01	7.622591e-09	2015	9	7	18
	10112	159.747920	26.272394	9.839097e+04	2.593709e+01	3.444539e-08	2015	9	8	0
	10109	158.247687	26.044694	9.839451e+04	2.443978e+01	5.253072e-07	2015	9	8	6
	10110	156.747403	27.229448	9.831092e+04	2.982034e+01	5.048325e-07	2015	9	8	12
	10341	152.245919	30.599183	9.860111e+04	2.328973e+01	0.000000e+00	2015	9	9	6
	10342	150.745530	31.661042	9.850587e+04	2.400336e+01	3.940280e-08	2015	9	9	18
	10457	149.244811	32.692784	9.856458e+04	2.464460e+01	3.575273e-06	2015	9	10	0
	10576	147.743948	35.124666	9.855288e+04	2.244851e+01	7.833590e-04	2015	9	10	12
	10578	147.743515	36.566301	9.840870e+04	2.497073e+01	4.911338e-03	2015	9	10	18
	10695	146.242079	39.009454	9.853107e+04	2.266534e+01	7.956934e-01	2015	9	11	0
	21583	147.066173	40.742235	9.841218e+04	2.151677e+01	1.619319e+00	2015	9	11	6
	21459	147.435351	43.857116	9.868430e+04	2.107795e+01	1.259498e+01	2015	9	11	12
	21329	150.083448	49.251614	9.866403e+04	1.991386e+01	7.943680e-01	2015	9	12	0
start	12	2016	2	20	12
	8336	177.749921	-17.237504	9.931104e+04	1.344835e+01	2.019796e+01	2016	2	20	12
	8333	176.249808	-17.215286	9.923099e+04	1.165014e+01	4.751345e+00	2016	2	20	18
	8332	174.749786	-17.181970	9.915512e+04	1.690826e+01	1.984227e-01	2016	2	21	6
	8329	173.249674	-17.137562	9.903800e+04	1.826018e+01	4.890785e-02	2016	2	21	18
	8210	171.749592	-18.569504	9.866190e+04	2.033120e+01	5.571498e-01	2016	2	22	12
	8210	171.749592	-18.569504	9.842840e+04	2.036176e+01	5.571498e-01	2016	2	22	18
	8209	173.249557	-20.121045	9.825505e+04	2.420876e+01	5.362653e-02	2016	2	23	6
	8091	173.249492	-21.613306	9.846601e+04	2.322104e+01	1.468861e-02	2016	2	23	12
	8091	173.249492	-21.613306	9.837127e+04	2.213205e+01	1.468861e-02	2016	2	23	18
	8089	173.249423	-23.105928	9.850701e+04	2.516895e+01	4.140967e-03	2016	2	24	6
	7964	168.748937	-25.812008	9.907112e+04	2.017910e+01	1.018822e-01	2016	2	25	6
	7833	161.247750	-27.938254	9.941963e+04	1.799625e+01	1.099071e-03	2016	2	26	6
start	12	2017	9	8	0
	13521	287.251129	20.858332	9.976103e+04	2.200769e+01	3.591542e+01	2017	9	8	0
	13520	285.751100	21.006473	9.959484e+04	2.301154e+01	2.935954e+01	2017	9	8	12
	13518	282.751034	22.736066	9.909891e+04	1.997404e+01	8.725883e+00	2017	9	9	0
	13515	281.250846	22.849857	9.889427e+04	1.131355e+01	1.099750e+01	2017	9	9	6
	13514	279.750809	22.949427	9.890299e+04	1.395523e+01	1.718299e+01	2017	9	9	12
	13514	279.750809	22.949427	9.864577e+04	1.818716e+01	1.718299e+01	2017	9	9	18
	13511	278.250615	23.034792	9.870781e+04	2.287510e+01	1.401847e+01	2017	9	10	0
	13629	278.250692	24.524357	9.851815e+04	1.960085e+01	3.493228e+00	2017	9	10	6
	13629	278.250692	24.524357	9.832184e+04	2.057299e+01	3.493228e+00	2017	9	10	12
	13631	278.250772	26.014519	9.848991e+04	2.272831e+01	2.807760e+00	2017	9	10	18
	13750	276.750884	29.080539	9.860499e+04	1.412654e+01	1.115023e+01	2017	9	11	12
	13865	275.250636	30.644357	9.893976e+04	1.589709e+01	4.721330e+01	2017	9	11	18
start	14	2017	9	12	18
	6590	126.753723	24.170099	9.965430e+04	1.279791e+01	2.956099e-01	2017	9	12	18
	6590	126.753723	24.170099	9.956198e+04	1.589854e+01	2.956099e-01	2017	9	13	0
	6587	125.253564	24.579585	9.922455e+04	1.934871e+01	2.524986e+00	2017	9	13	6
	6705	125.253933	25.916025	9.914723e+04	2.423481e+01	8.667974e-01	2017	9	13	12
	6705	125.253933	25.916025	9.899273e+04	2.071058e+01	8.667974e-01	2017	9	13	18
	6706	123.754300	27.685185	9.898402e+04	2.090534e+01	5.632179e+00	2017	9	14	6
	6706	123.754300	27.685185	9.895428e+04	1.992416e+01	5.632179e+00	2017	9	14	12
	6706	123.754300	27.685185	9.883584e+04	2.068416e+01	5.632179e+00	2017	9	14	18
	6706	123.754300	27.685185	9.896430e+04	2.100618e+01	5.632179e+00	2017	9	15	0
	6706	123.754300	27.685185	9.902825e+04	1.923823e+01	5.632179e+00	2017	9	15	6
	6825	125.254719	28.622895	9.899634e+04	1.820043e+01	9.466913e-01	2017	9	15	12
	6825	125.254719	28.622895	9.892101e+04	2.049265e+01	9.466913e-01	2017	9	16	0
	6830	126.755402	29.524921	9.888622e+04	1.897417e+01	2.932019e-01	2017	9	16	12
	7073	131.257180	32.021937	9.866571e+04	1.352468e+01	1.147670e+02	2017	9	17	6
start	17	2017	9	21	0
	13410	291.751261	18.915408	9.992888e+04	9.906350e+00	3.694805e+01	2017	9	21	0
	13410	291.751261	18.915408	9.968671e+04	1.231701e+01	3.694805e+01	2017	9	21	6
	13525	290.251307	20.521939	9.964792e+04	2.143216e+01	3.645130e+01	2017	9	21	18
	13526	288.751456	22.139018	9.952754e+04	1.455210e+01	3.528374e+00	2017	9	22	18
	13644	288.751640	23.584184	9.936357e+04	2.029322e+01	3.184186e-01	2017	9	23	0
	13641	287.251445	23.763288	9.914592e+04	2.242586e+01	2.041999e-01	2017	9	23	6
	13643	287.251615	25.219545	9.906020e+04	1.980742e+01	2.344627e-02	2017	9	23	12
	13643	287.251615	25.219545	9.902469e+04	1.958439e+01	2.344627e-02	2017	9	23	18
	13761	287.251793	26.678565	9.879630e+04	2.547085e+01	4.319188e-03	2017	9	24	0
	13763	287.251977	28.140349	9.890162e+04	2.242742e+01	8.620752e-04	2017	9	24	6
	13763	287.251977	28.140349	9.873721e+04	2.384167e+01	8.620752e-04	2017	9	24	12
	13881	287.252169	29.605114	9.869251e+04	2.608391e+01	1.072267e-04	2017	9	24	18
	13881	287.252169	29.605114	9.857738e+04	2.446919e+01	1.072267e-04	2017	9	25	0
	13881	287.252169	29.605114	9.882040e+04	2.305923e+01	1.072267e-04	2017	9	25	6
	13883	287.252366	31.072862	9.864559e+04	2.565615e+01	4.852196e-04	2017	9	25	12
	14001	287.252570	32.543782	9.871129e+04	2.686342e+01	2.168617e-03	2017	9	26	0
	14000	285.752505	32.745449	9.878302e+04	2.291481e+01	2.414387e-02	2017	9	26	6
start	12	2017	10	19	0
	6234	129.751838	15.838333	9.861897e+04	1.642412e+01	1.527256e-03	2017	10	19	0
	6234	129.751838	15.838333	9.826541e+04	1.361348e+01	1.527256e-03	2017	10	19	6
	6352	129.752123	17.055867	9.809430e+04	2.185723e+01	1.218511e-03	2017	10	19	12
	6354	129.752428	18.282591	9.777398e+04	2.310221e+01	4.616557e-04	2017	10	19	18
	6354	129.752428	18.282591	9.779173e+04	2.512436e+01	4.616557e-04	2017	10	20	0
	6472	129.752755	19.519856	9.700197e+04	2.538250e+01	3.223813e-04	2017	10	20	6
	6474	129.753103	20.767661	9.723552e+04	2.369271e+01	1.075875e-03	2017	10	20	12
	6593	131.253475	21.585753	9.723236e+04	2.313054e+01	5.295541e-04	2017	10	21	0
	6595	131.253865	22.837355	9.704980e+04	2.416967e+01	2.608537e-03	2017	10	21	6
	6718	132.754848	24.863520	9.714199e+04	1.585230e+01	1.752741e-02	2017	10	21	12
	6838	132.755826	27.432111	9.708444e+04	1.847012e+01	2.827713e-01	2017	10	22	0
	6959	134.256877	29.457418	9.658228e+04	2.348741e+01	9.262081e-01	2017	10	22	6
